2000
243947 758167
47052 101052
326182 47176
58853 61366
778912 98317
254824 652547
573916 360588
563082 318928
450817 939656
4965 313150
90851 882884
608064 332688
107066 43151
835525 998568
343119 490042
638229 912768
118075 720632
333656 997245
58095 470004
756290 933406
545897 820620
482953 412231
326851 787387
714250 963660
621107 229804
470229 766545
91963 72695
842433 720308
52473 552283
921840 374857
399222 834615
807078 20484
441084 559383
482077 304019
242032 965246
857523 396905
473878 464778
494753 745967
433689 210647
400792 305172
631089 72784
304014 408733
705465 912900
324383 900474
857983 372123
351528 94799
147338 994897
477332 690112
23276 203129
814583 980720
183413 855372
115104 978625
14999 213253
3271 237955
505540 569225
915673 913908
9089 433924
114813 542049
776300 546971
382099 115531
786864 461200
229197 705798
456501 597204
61216 320626
974565 403340
622717 141737
812516 157232
28530 217986
731481 470322
574599 110298
15229 309597
516189 657703
722768 323497
846802 742175
255056 85967
393886 721448
178846 77994
928223 636949
966471 474950
451842 717661
465371 156151
951878 434710
580626 496634
80481 26220
866088 27147
917330 133432
706134 684224
993208 858795
215416 236202
480441 82048
275760 321940
96676 423927
608473 26092
108727 517674
990718 828340
477218 689977
663301 284422
842926 235136
344465 745577
742586 924443
713370 512001
254052 477961
614317 897582
634949 454745
868008 806
440089 422170
471943 414001
914059 643427
94245 434485
67583 687759
282685 481727
998788 899828
345603 679961
530821 157392
738901 882154
750722 660626
291692 625648
274869 7902
203929 599841
85288 663260
387058 539937
208661 267333
30998 47045
803848 509091
858534 573035
920449 398803
165338 738622
154506 467246
687403 705895
100295 382152
537945 573093
149849 705478
816043 661885
172951 515337
115896 228208
596596 650929
618250 40038
649318 689740
986808 563126
125172 981577
138282 203085
115842 207069
523994 334362
246441 828222
725728 259198
98552 300221
504022 978969
608365 127231
471628 813235
262122 396464
29889 695921
177109 705856
285842 31479
534179 818541
250665 565492
25110 604800
546484 963236
781234 57746
162429 986435
772907 346798
999305 993384
604999 972766
225522 282064
502002 345331
988235 761797
676473 269063
139576 928897
132825 414207
157862 878814
780069 395772
880459 495278
844843 386578
484449 290275
401184 560609
22270 42457
105135 181066
864145 201346
258014 907963
442646 436888
267251 263041
515391 55253
652011 31362
741150 750046
503944 340663
137082 181211
891302 898696
88163 680847
45347 308180
104844 375258
327503 957095
765669 725807
308468 903068
984904 858356
738739 654042
361513 643351
524316 278942
298297 768032
890335 862315
435144 611232
895821 712769
777767 583022
109492 728561
485582 359802
152613 962788
325516 654755
621443 278782
221253 478925
608087 372610
502030 325219
211905 708741
456566 42597
469600 677345
654537 947631
504344 663279
441527 672892
204468 609205
728216 494523
770391 965750
68402 173639
222398 822862
394101 337245
727925 197266
193360 904256
999278 364974
374688 211588
223691 245168
261247 135490
37725 897612
751581 346089
45982 441102
528074 731316
736578 151952
599075 222797
367765 191348
438503 635062
324512 636408
503409 464672
481794 65460
134556 802852
502217 452543
399469 899431
556614 154067
646962 423757
333077 182376
685059 936618
116006 132621
52025 493576
224078 202364
757437 12788
824299 875115
764563 67960
546629 452157
957594 9152
946108 650283
181430 810641
561293 640331
404874 226651
541448 902493
90322 773793
830892 104673
357822 715393
55790 370553
615027 700118
233222 61158
546720 498497
469530 829857
980943 520032
17634 773645
389098 504844
582453 56768
53673 132338
88967 255412
121589 830875
326175 708887
428665 3109
847863 473978
659779 288499
221159 690810
831345 595008
468209 672292
432326 64343
224819 232212
724849 148072
450501 342209
526391 714969
253298 343569
316440 873019
654150 590268
228533 653381
601967 534568
603864 189452
782285 121147
448521 744027
338256 681205
709369 243830
469332 830767
573088 616678
495343 709836
511779 575908
704702 48876
12475 833990
556369 329876
505988 467355
315125 800031
74693 103200
286205 391617
894411 202571
623727 62267
830724 309333
441435 571573
146391 199247
205661 894324
318485 265458
269129 995001
649247 725001
868145 475168
774180 724948
991070 93736
618598 706491
596991 553639
576732 381359
662516 467183
135784 958642
232241 541411
244328 293452
893194 765294
36671 14212
62256 499052
131654 416070
923115 644594
388797 617700
358644 562812
442240 691953
456920 661785
462782 862597
113643 938896
792392 465288
477855 564182
429098 897346
887095 452299
841510 814669
986130 812226
492778 102845
721912 778898
438169 771318
236240 326526
816285 653145
544926 912349
322145 287831
584029 390375
374762 411056
334281 121437
669660 253384
496614 358410
838034 181615
605042 638865
672424 813241
626933 323042
680220 448950
441435 589090
900612 743559
109566 172543
980456 855840
387160 210663
415781 656929
395607 538120
797241 850330
994455 257602
471736 369728
11754 972057
574049 120018
728119 574731
169729 849281
602403 324971
765343 662206
222445 233461
618919 777000
493436 697451
759789 596871
597021 287398
993850 913074
802499 529840
221447 119462
651631 161212
377764 128956
812982 363635
169870 311813
280980 921589
433903 185798
927509 558949
476527 882001
376721 195680
756510 80155
21658 784735
967639 287783
817290 300302
219062 52692
429754 411916
992464 113248
885302 224255
759352 161295
111951 34303
141265 14655
597753 466485
819327 656889
775468 218177
778648 28933
986063 374390
92197 268446
852724 238600
195643 547119
320980 549455
320125 903077
275225 999045
477838 795058
641616 91478
632879 197746
924487 550605
637102 234958
718434 938014
321159 821090
489863 628079
160834 903952
756700 322254
997879 416976
218052 402402
895418 339606
729991 420427
816500 605823
700199 212408
99472 407318
222549 588885
787570 515426
409863 383610
577683 40912
54814 201416
262987 899887
178790 367675
37491 635181
768214 988903
342015 23443
177276 343498
198542 588003
253304 956319
293946 135407
252061 109244
728793 279645
419597 406136
89365 543074
667084 564461
781360 598161
825931 332582
785264 1372
391035 332351
762622 972366
617009 467793
818873 381221
80546 104494
974806 757609
944701 558729
230849 352933
818988 103822
945212 734638
292007 32862
460560 126697
488221 656332
579436 428131
763061 70969
634517 129071
374283 238044
757414 929008
454305 246971
203571 862595
237878 520906
628757 913414
480014 317611
375319 95027
616672 879829
657852 591328
89539 448878
35237 955389
568765 542782
419345 389022
584227 151412
753353 475913
415359 66827
251119 272134
418661 463740
32892 612148
295522 105220
134517 749921
953912 470051
173086 797893
507077 494159
590568 766283
819753 68309
990465 647296
675015 532529
956111 879445
738260 14852
171227 503365
762500 953903
135207 359729
963032 663236
211881 150307
819371 497363
808887 93617
196216 487939
746162 156522
149226 172111
130245 472367
959834 437612
553297 995742
268503 280618
132093 764730
918369 397962
696008 305721
629658 16003
430807 825830
576359 560913
46224 387047
585394 981583
322725 378098
107742 294557
922292 319058
482021 293990
38370 515161
812948 187517
683532 875506
87438 26004
745005 525876
845258 301691
906314 759546
782833 621195
869422 613264
399689 308925
200410 545752
77101 569724
450617 591858
515679 110063
815188 116323
39089 73116
525901 187031
9121 738866
932271 309263
185196 645536
4226 131166
819769 838696
944637 958275
208442 600094
86932 854058
236822 766424
81671 497224
690047 150924
58818 198725
48500 425892
455534 826494
595670 425241
191399 258862
650661 262358
976246 194176
925830 24346
575383 130438
545051 459700
611244 431972
363708 898482
930875 97491
459497 273759
149707 3858
143358 207701
831481 530963
530398 608056
972787 974939
647521 529369
322455 569444
602103 392208
327936 188641
436615 242653
613217 472005
718272 58744
258861 652245
509099 171329
381009 385809
307102 430586
652188 373968
598292 598460
235162 155019
395262 629350
827747 669207
221868 579984
60394 712512
424687 193700
721461 259200
17628 78963
282736 542240
891852 457345
988138 322310
622778 818228
583156 677598
80920 377874
286039 26274
983829 906398
221613 709939
620172 430470
595913 969178
520372 230685
928255 321444
455371 884659
674257 387595
8349 329680
268642 927814
104231 767570
643895 952223
397096 960232
496330 118807
732905 83831
284509 464537
29301 854819
168852 718428
678439 410033
801620 792366
894144 229226
222063 451620
530369 810819
724536 937993
611307 445125
773042 400587
780168 134004
112150 219258
817118 858095
653140 661435
348987 133728
430019 162356
504038 288854
560511 870577
12166 543503
302960 854379
650777 743959
765370 560428
853225 175106
844519 184354
172746 981957
501441 625160
400573 354634
417930 613448
821169 271921
533477 529865
26913 523626
492786 858126
164059 223584
903474 280236
524346 631022
727477 144533
193413 881695
527090 584934
507416 20817
529464 497968
420327 372003
137016 89080
441864 880634
123855 868276
543423 262225
51487 34863
648613 958021
595242 760138
905791 458580
383789 214053
590488 174155
458651 436631
991849 896954
602600 617207
113488 968718
62460 695134
157864 507494
803173 755704
84868 695058
529516 676531
638519 932389
655821 235231
47102 151383
2218 161850
626809 258831
760864 793161
89775 381533
673159 334886
885663 592635
58141 677292
130724 208033
455010 45012
917080 642707
14378 939718
193237 570437
171626 191311
188203 612535
543160 947111
67914 633607
836920 967308
293625 602099
999941 167528
955756 803403
928917 355009
219379 412088
138481 83856
303335 241356
563401 437614
66413 112012
615279 905309
61406 205286
124949 812187
690011 984796
485036 600948
25063 559374
222684 626719
716492 492664
142860 662959
746564 95088
803907 540448
309658 722589
337874 922472
751197 883455
880838 211964
876832 364326
208102 687001
432082 739517
604021 756524
627975 650000
767923 446119
51537 21407
350510 982189
531251 841484
917092 400754
734669 409353
85781 113791
744527 790228
834292 111569
205107 13992
505382 144410
44702 813976
568334 633138
283260 148753
365645 915955
125366 635758
746609 603198
844323 367647
972379 523612
888199 412759
583066 890025
16165 917674
12248 663314
14630 946193
786944 566041
886570 584141
783647 97089
171669 7965
548679 172032
884771 17554
412166 498014
179462 345950
510856 463899
303970 22324
820350 554713
347999 336900
519763 92670
139579 960415
62243 364694
976519 444475
997069 958505
532132 377121
130295 826554
701582 609643
971308 300757
624362 191545
495532 952927
978357 451636
165338 938657
568666 310939
451442 769255
484612 689903
48606 460995
754219 325911
797874 737875
647973 510961
432016 578215
62223 22627
523304 452555
814444 698787
8374 296614
103311 808458
922135 685550
799788 223352
222858 51879
942869 789156
18291 737395
695266 639137
995622 448006
778056 158460
257157 439092
835344 83954
112604 787643
394550 765174
175016 86973
777394 888091
550823 151235
1568 208067
158429 52476
992006 804827
610851 384845
220450 575589
465594 802199
717452 655528
491885 990345
585123 995214
397525 588047
92942 746077
863765 576702
902007 486342
878974 122914
252722 756051
65480 227358
212426 221042
737335 144290
536670 928100
791160 866260
902377 188512
652330 886314
352956 292157
512247 463887
712465 431987
90120 130247
514445 347604
428461 714635
15127 480932
532534 683960
62913 96267
440412 638248
746733 336702
965425 852981
693776 570048
493106 410479
808930 386454
899766 708795
898920 29257
652342 611996
586601 917957
164873 734496
856345 821181
444893 999558
469060 487024
335258 733572
912724 483148
318581 849780
906621 249678
930887 724515
228616 50310
559826 903365
586443 512724
465241 912089
785931 685625
643881 946431
769533 179286
6353 725538
493418 687966
786979 105654
695080 469944
163092 344654
568293 654020
419774 5178
228779 285480
312270 96556
720769 70630
407903 35824
608580 843822
441735 599173
923148 896435
108214 120914
224275 771637
200408 551866
706239 755163
768127 528035
856630 660134
618321 629270
993275 207646
350809 472405
697251 204969
488012 21352
455122 195600
600267 484987
772143 441765
583212 780852
250454 157455
48190 777351
99920 261603
731581 288680
800708 504973
708279 125247
29894 344935
255311 828517
942013 119144
404034 114216
725766 887739
446750 473772
394922 274806
32389 943046
687409 10324
555756 233212
997641 935677
578286 364711
536235 537039
231313 676004
559627 674947
364237 759439
28897 914267
482026 62558
509743 571323
844098 780865
409598 394405
998410 344500
736862 306388
231746 493750
763000 255157
114474 265228
150632 346346
393023 430559
987787 746303
776919 191958
526298 529739
723276 534188
375146 660225
637329 240807
139822 602414
183003 525464
546962 907791
786075 718387
548197 241998
270570 836560
685284 247853
706194 896526
624723 896400
473659 885248
567606 366401
741354 661187
620152 324281
660034 129975
911789 830571
744068 632274
587994 70212
943445 42005
929934 53034
598644 937957
985889 233173
791885 858451
792305 293888
997934 945310
644866 794318
533168 738766
910370 900036
193753 898449
584414 458346
956684 737326
562320 436141
437933 596061
343685 432626
410428 826035
404911 96585
484260 952072
597785 819107
648813 53384
842249 804475
831158 526433
832981 326365
699497 810236
55127 701573
350759 887352
765793 822531
186387 87601
733804 312154
572106 972020
8329 844633
871167 557984
202596 524122
164526 449749
205827 555832
657174 289417
676436 672329
101810 459636
502293 799257
937108 910081
847548 431897
578626 994253
726211 835637
960025 81442
864635 933430
997687 631564
130726 71638
843261 209156
37511 497370
249506 279138
871293 586804
961358 423491
276848 651341
66133 87934
658712 549217
706794 994835
361711 642188
446104 717314
186558 673462
36222 514880
616831 483508
19897 688635
999432 719239
791160 370372
477053 689819
753496 651653
442067 654901
513481 263855
718182 240144
572263 6166
209231 517451
363783 794618
841415 986596
328115 470713
802476 188999
794635 403094
212856 677677
30071 870830
892176 279406
830906 303269
80073 1360
411587 631261
181943 55817
165825 380160
514441 569605
717613 199692
877368 892021
794124 413261
661023 563823
60192 904004
272183 24035
572537 401831
416971 839912
813426 550678
282316 493052
923154 214257
804982 651820
297004 408925
981962 32872
876555 261203
860056 794204
432029 93257
325628 316129
789346 401094
805846 887615
143719 256647
276317 412160
364674 826476
661122 733714
32611 937080
502318 529026
54483 251132
187401 153401
239228 862209
653770 113220
528721 320328
265530 487336
486734 10004
985003 162804
659406 800383
372045 986159
1937 247684
749823 173189
386406 768783
815356 646855
387042 926899
364270 479500
906975 722344
787330 662034
542897 900028
805023 885474
862538 248483
87624 540505
429051 540643
91502 376000
583918 663430
586075 130380
786741 573
985862 398972
132 811262
102764 230037
948012 116713
237431 671771
516087 38922
405857 207630
507492 92570
796810 718723
20949 214937
454072 66434
942906 322781
429713 378093
201657 543325
843651 691153
236250 503183
71753 330635
504988 839220
658968 589445
169588 474717
82801 296460
416798 879056
571392 303245
247799 86356
283115 922969
208470 415650
82820 806078
135115 730406
283391 543793
938351 457355
268257 625418
83167 102937
156953 927202
289838 450462
236122 133220
75289 172788
944735 852130
778039 75334
795435 433143
315160 304477
832304 850960
963314 469295
495806 539541
247448 973524
93087 740453
572750 823070
289173 91196
513916 537118
53058 625645
849534 462641
551462 671825
120537 78699
399578 906295
25407 724638
97876 919774
619496 431963
130651 441437
542799 160947
127266 904
294481 107958
320796 434794
540980 867006
739044 691524
178555 998334
665843 792321
164468 18274
780371 272329
230903 408498
461338 672849
452152 20688
301826 669654
152116 186335
267886 703781
922033 33418
826570 796956
127219 455300
21649 866028
479175 6060
970974 847280
251482 735124
759331 365836
943397 787405
693987 366587
516122 39033
444385 905892
318455 309255
597977 298149
9313 873288
604786 644068
905887 326255
255595 829830
422513 933016
622625 785389
504389 701529
495154 798927
42911 687741
551889 191293
229552 767933
941336 613335
159894 980646
283182 609968
938982 866021
878495 133168
216728 227548
722783 132536
854242 762388
680622 723551
98249 794717
408305 262078
733794 285797
635019 737159
661138 659076
644366 545966
870034 183586
976001 14184
985469 510008
809056 66704
258719 897098
340444 597763
854506 38880
955616 212448
520520 682443
658770 754482
654319 280575
213644 55600
542157 261684
702939 562450
225579 520742
780249 356365
348482 979564
127316 783528
197008 463125
483985 677862
417090 262200
858744 471635
983231 63247
3007 350369
503501 26701
118960 785684
939376 677904
823788 54520
57599 574447
195441 773517
130599 954320
937858 606718
481024 415824
316097 472348
796731 188488
91429 124787
800358 420481
628654 531543
870637 719131
126371 127849
812413 664722
337405 705177
843374 291890
580914 281622
395629 356442
507959 984678
860116 227753
254574 438853
475519 258034
914902 845933
177839 660389
884188 344276
82299 99015
577790 70621
19110 69010
426555 874504
45307 572620
307642 868111
415877 826485
698102 965467
131472 644437
669117 572130
852989 506899
283093 443491
854065 66175
252821 15501
393223 252388
689287 820839
753171 183946
47678 796608
493960 585993
703610 742519
680719 357995
5084 42840
910163 675449
780243 178368
510664 569588
594548 949119
919182 202247
79710 642936
738803 80802
264800 323724
599953 670936
469902 695372
636950 334284
244830 608970
52484 205599
398597 722536
982599 632526
46109 360904
253100 623557
51969 540765
897939 520062
360235 970030
706722 850777
624646 665188
989 206964
785493 484168
179549 549155
844304 190239
896857 818363
961356 754941
573804 162713
117417 100970
18539 732210
241682 770918
440806 457952
792628 492004
964395 776325
995390 963370
719419 32986
74387 609441
773359 595772
987649 474633
34027 200777
61850 850758
29161 72953
65111 864465
289489 113678
236679 858717
291265 285271
545501 496362
360096 989665
478274 627533
112933 119081
294863 893669
385388 825067
346076 103007
825767 323636
465025 684397
557739 34238
935990 103088
345269 485031
259363 364045
314956 43556
91596 511270
483426 127710
896685 997290
535696 985283
130703 602488
641991 909872
151082 152279
676334 286242
533917 49633
304106 669145
459840 815372
784978 126921
234315 628535
442087 896201
612004 769498
981656 458541
245914 890249
815651 66527
456981 935926
303254 508779
373509 101703
147547 144326
905524 477084
777632 481258
657622 569230
332516 487610
734745 37165
213381 459571
25636 54247
160676 329782
354283 357615
470040 363530
343869 366327
517896 990584
742512 646186
908126 173493
695181 376111
663411 978070
219713 501112
309181 538029
242887 629005
978864 183267
589341 896041
803099 310846
484086 460332
533175 440538
449073 716730
243302 524844
44178 13571
914068 829139
150052 607092
29936 804273
419220 845560
39794 225295
965760 430059
597041 240442
233897 866007
83510 779126
521214 477799
651756 312045
650263 203373
218017 187079
428675 676194
781908 518116
536064 215182
619933 858023
377833 420100
232929 9772
881301 268034
60161 329978
636425 348715
495849 656322
737861 101067
451360 584485
31513 324545
845188 661975
649399 556348
923420 226907
2143 114755
118905 61324
137305 210647
354302 853479
240881 790328
842102 164898
313451 975277
796363 309759
774710 656294
262022 300539
101583 44154
907185 960099
75048 605384
983964 1987
866562 664964
319160 534122
932149 147844
676013 132992
474320 84296
863501 593664
380890 11701
745107 303427
935273 674828
702054 172478
922991 130678
977736 333291
820065 691133
714240 680998
654932 41006
885684 451157
578887 320388
936628 739787
681373 193766
900492 375532
744284 695259
459120 207793
370617 455986
619950 420761
752190 318458
944382 305363
591672 121561
25689 293524
777129 911933
856148 396972
61739 82184
963064 301635
544842 48392
557163 694945
328431 418804
202799 283760
559275 48840
669046 872950
712819 565750
88461 686857
560725 537015
473970 336877
747381 372501
114642 867525
318091 730113
682074 690704
257210 842180
777799 874140
50522 14902
588672 756294
253326 61219
695019 678555
872452 609290
501776 358554
233712 851214
295547 69299
660815 141675
333170 971225
320682 971876
355744 192655
654443 793847
415183 233565
902473 283050
270206 33617
912976 247948
930527 294520
92437 134161
230081 965676
486264 53985
824009 918476
370967 391015
414229 866534
775146 191602
702607 295507
233334 932754
889642 196256
100589 538301
24365 539058
530813 155867
164651 865049
940563 676029
826746 925282
463037 7493
241755 679744
642691 969019
351523 30816
856239 336875
576460 651259
675536 128009
185996 59541
445074 901658
564360 469698
642590 539428
959262 813928
364953 194836
50758 9424
350344 482876
207455 962859
957340 368508
885428 813370
195515 986190
753331 485340
292216 922180
729718 123973
16332 474627
833245 428328
519928 496247
163975 177590
338961 559163
248555 406919
278885 65329
640394 159861
642499 278629
18629 596446
906085 61561
979665 431443
864623 861406
369118 318564
124217 474458
919391 376673
874847 604586
401838 707184
212061 771895
688063 502152
53484 782024
461550 355192
404217 565815
700444 217889
431780 587414
40114 289115
411644 306609
248547 70577
72342 994489
39961 96500
506301 931766
496933 66716
498831 73692
356501 539526
571151 317188
181927 122730
20059 743125
33034 528402
881064 583703
161356 609885
735995 151328
691936 899422
150666 796649
364792 423711
861805 890385
552330 45062
561927 362990
753808 833
760964 20119
107144 77308
67299 478309
617615 230481
739587 447589
451416 870422
253459 305090
901478 263664
221518 550834
328885 25681
446251 174067
293661 809865
397344 61784
195366 528120
539130 992039
481213 629301
820389 130504
985089 624120
235468 212351
325710 578204
708879 181368
810149 238732
9305 178413
707168 745233
905839 641554
523383 72887
109657 385899
437640 929053
546924 873147
931449 373213
360236 225955
955580 950269
491273 672446
457581 250945
339457 69518
477901 65335
481603 513474
222436 341464
764851 132010
908692 55694
817136 307479
836631 542297
551534 417984
81902 402356
46596 826132
680036 544924
66107 186926
849864 324244
818396 93415
80574 884560
555397 804240
120346 358092
561256 989610
599210 272095
593701 545585
191897 588304
110885 30575
578040 43667
662693 908039
640557 597143
746993 786436
214793 665902
654914 248205
570607 698728
359778 686067
689803 368612
174790 115199
257804 44779
626173 17213
290405 141804
360 475583
85671 745696
143500 776804
52943 530147
964405 137627
203681 237458
441847 652034
173994 885548
815447 73933
520789 743015
676330 819962
330134 997329
327073 14251
488554 826250
586560 441899
89499 309486
38301 634464
625180 717253
2999 698543
798588 255830
528232 903041
885119 299554
778546 962832
684215 596352
54954 662874
788455 393144
528543 239689
423201 21909
721710 324258
690095 241520
973569 315315
101344 709413
72572 623892
690888 916636
996712 153415
308409 955961
165387 765090
471082 692589
750715 951723
97301 497890
721505 896051
761125 307010
280203 929403
673315 629546
909824 805835
255626 428542
160391 354400
973276 776565
686931 921824
523357 579472
596006 539527
744583 749795
385629 177790
869511 224479
272833 537046
340614 508475
420897 88293
165988 729622
9139 43758
211664 895123
565352 412988
381310 420132
915392 592050
989506 469602
235510 123507
913832 21201
338055 447106
138864 266120
625683 995962
860237 352903
336881 756456
380567 24464
328086 43680
35872 268533
825004 405257
478789 205563
285737 177668
904315 475059
787273 719187
528790 891507
539015 936384
570603 55067
184632 626555
581706 491429
247203 861742
645909 221466
251017 142202
299437 27222
893147 114904
101001 79410
894087 68001
345340 656827
412148 223234
191639 944284
822265 618240
385385 7872
225454 428900
161147 70282
837936 272901
899652 840753
804249 969987
703713 481020
460287 537802
485458 537747
441773 766533
106528 961772
671150 447845
971115 923575
369232 406809
579715 172354
113352 588028
453282 962852
215396 33222
530060 270331
513451 126656
321026 951149
80312 712595
437866 396137
449366 856134
436194 918938
170296 142175
555853 864877
838306 518966
902386 101483
24397 90559
864802 933965
681530 760050
273724 492766
851763 801858
592759 571445
669834 891089
629882 697842
394859 701730
132895 736746
227328 278929
675201 525536
35245 135557
379721 303771
450924 576828
907492 22213
566629 541865
344147 905662
189091 206179
946000 937360
174154 418188
404973 661223
195834 465893
308256 933026
679417 671948
707694 954918
894451 397669
281960 201709
37438 465509
31100 185489
790559 67562
50732 541044
404834 462409
907939 672712
984944 237771
901524 348722
837695 460898
908012 717413
554244 497268
166685 447322
823182 761240
770365 146808
791050 795894
535098 126297
400597 254846
505842 545412
424926 983745
504520 297151
585719 146160
682038 771127
981962 396167
41198 197858
176428 422321
849818 286847
382886 744405
963012 653885
788160 670968
473843 299764
728342 572917
168886 505716
144498 613166
789126 693785
974893 326593
599838 446554
231199 766273
721486 264838
866369 634615
736048 178921
911225 980683
381800 824536
52621 762380
509474 495181
993846 204718
672290 324574
801344 308936
743025 614515
552658 723551
227677 272386
88516 134553
614958 867705
495337 290891
254805 358034
139145 191585
191150 611096
2236 26258
831441 392921
682399 401449
768069 72406
471426 686052
878288 372888
283800 971563
625705 683589
34544 933172
327777 721356
122092 578304
802451 339751
540813 527850
979063 542653
489475 655503
672833 938143
145868 941430
150699 21274
111330 622754
434202 497567
287514 755174
520799 939782
105141 263757
89949 136050
882317 347800
479043 656178
28259 622165
154478 193436
34929 798299
905739 781029
221 720878
99159 825596
416295 634655
540183 225263
327794 130433
508620 468225
737420 44492
3912 251485
409475 913154
23240 670753
422111 430232
103997 654820
951115 751912
406360 934669
665142 739214
257353 223696
685430 135850
493695 355616
551500 828333
749104 186669
855583 320139
357618 64884
807949 233096
66371 438265
696609 402819
750428 693482
59838 102608
733415 955032
28372 268993
778429 340749
174125 734831
914888 962350
859869 341131
802558 819503
383843 100592
551020 93260
597067 43960
761534 271040
409733 980138
941885 992461
45101 643388
469915 595785
721524 852648
507454 561797
900545 651155
956160 529237
414369 476974
915988 317962
840596 300360
574740 607866
915173 180968
895354 138823
633395 691750
451523 715894
879089 237116
820216 11682
917346 86629
803125 381470
188182 343791
602564 264940
427167 479480
808589 499498
922305 154301
503938 164052
480560 21862
5723 698440
536456 999997
234694 683348
481733 88865
634612 139707
249416 439066
109051 727157
46689 780402
957257 140760
825212 29232
84179 66890
110037 431821
345004 646884
511967 770443
227428 785122
34228 271811
844366 241573
891944 992713
527873 73375
309520 710303
7034 81823
792115 74666
996656 817239
906576 865029
1312 872098
206330 269882
685189 520607
723499 842646
409926 749586
388176 91059
591097 770234
855252 978806
663080 743356
887871 156053
418840 622490
605773 711254
755849 291343
327047 135236
815308 6076
261727 11065
755410 151610
132034 456217
10196 477655
651756 329293
616364 928136
279267 719796
756851 441757
426163 829844
991279 346419
345685 360161
