200
19310 920343
741548 236786
297718 578777
991094 554841
901687 921460
725008 971209
970025 144747
395723 411201
7077 812078
50971 810377
813832 78702
140866 378939
181270 646777
363483 639411
634353 624897
761829 625576
113898 742827
936383 54002
102558 583077
53967 194070
962645 941578
133074 163067
482573 66505
513325 319852
103659 184044
196178 699890
501337 380209
927071 167689
59102 936836
105756 317024
937350 626439
319668 547731
493595 154015
30899 128708
549261 934318
575020 124209
668366 141129
591885 534279
165250 531983
575317 865590
895273 899559
748730 107023
110600 232055
624059 1594
342389 272520
636845 865159
663559 285047
253764 550345
8705 488436
81634 555105
898529 970379
258106 558018
807545 503092
841260 671909
100813 740946
933742 553693
476628 878870
850442 817717
918603 214718
68851 363741
467261 807553
868018 656349
555589 815666
173403 352906
55993 282582
967148 160556
601497 406310
810451 363358
669110 357313
249415 68254
548083 825508
658230 108329
813676 887759
12713 464986
644545 847627
109611 543577
68404 151431
357690 192122
508998 713024
798478 787728
303452 258340
878652 343751
831622 44808
431827 491688
670310 325853
652225 459976
580286 663156
701921 167658
931269 976049
210674 150279
350874 535971
854578 879864
382531 832339
566707 787853
892268 863473
697680 872003
965838 341571
642678 604279
379858 84355
448245 160473
160573 428481
649521 983657
711666 412422
836925 857834
901590 201267
59365 6256
957600 365161
315532 7532
77636 170232
820656 324007
105070 629496
46220 8763
131003 215859
375764 263607
413110 525013
590188 289487
901155 848334
858416 647752
12388 271218
859304 745919
133369 137463
571942 200972
869890 242953
945785 608443
8029 60069
479202 563803
874794 406864
903079 816741
636993 911402
971184 877462
595963 171863
415366 691035
720564 857727
623661 620946
211714 957817
563592 671699
461882 669186
999923 883461
218943 889225
572708 166063
395156 165201
812468 537276
791378 154455
507793 89144
999942 929072
917703 839621
75704 736123
376013 514074
845767 404121
685038 836928
289469 414503
986844 958407
539722 570618
255454 570732
216145 173406
224787 224032
934192 20918
84436 491746
580404 396722
96768 381328
892733 399620
950363 677110
830616 533897
30704 442238
409181 856248
301775 415555
55777 233870
422215 502356
28366 369859
415616 476166
120509 299570
353215 648652
326423 548152
343382 908692
614485 198824
739124 727383
674456 778045
33303 536805
881559 282599
900712 145778
631438 410391
334002 400440
219090 307775
702072 241473
90508 998376
808756 279323
319391 339178
948004 395269
737405 477333
419345 87041
162925 614407
692075 985623
470629 573116
174609 363442
866825 495026
470894 487398
179943 656821
781229 312930
442491 198954
250640 502743
