500
683184 725598
182856 837155
22493 611480
48644 278571
680908 182409
628625 792850
879669 106051
775835 312978
304219 612052
573195 269029
480282 971084
835103 982008
203199 806391
277865 22504
888280 735288
406170 728556
151675 878679
455928 336623
69144 411574
149279 246787
828637 425012
685313 475405
29526 438360
268058 268300
777429 340357
597713 593675
272798 887179
486140 10371
540924 77281
45760 433569
750841 326732
512649 81965
624189 847407
548439 388723
348862 586121
998422 659795
245735 508786
319848 549721
952682 543720
817811 44569
804275 656808
97501 157809
316939 983255
750229 286668
609948 741911
803781 488662
277794 504892
281037 430846
707326 874276
797776 563917
335197 456712
293199 71134
552073 343876
104617 245449
267483 860704
879074 330010
893943 783610
545554 205819
234960 347495
366030 79963
465884 333994
134422 988063
779419 185265
920031 210962
982327 129712
454733 868967
232860 590897
768127 13921
509310 921560
986567 522191
311510 645144
163774 298110
484921 671692
513532 541093
90065 298675
708178 689573
540589 515763
807442 725813
126372 152131
536366 667945
802098 572452
762032 665183
238125 920867
178417 290681
533747 699051
26872 551219
320929 753845
614350 226549
829923 441172
978796 352462
640958 866174
155360 674350
555402 105336
560532 442134
235676 266106
304646 978169
889022 95086
114878 528069
412519 709796
677814 267076
634953 394449
847609 263600
848127 400971
395849 245030
931586 356973
963478 232056
459669 367645
102910 335861
110162 764256
837024 92261
44995 894346
906706 748537
233547 454750
803544 548382
669791 865831
90968 669541
280176 691844
285479 464730
917620 387073
407554 712020
28950 839594
5582 884560
412666 584332
119954 955485
448010 845169
980615 931674
475187 63409
740503 395179
793559 488976
837982 574592
376162 103747
580332 386833
684533 356589
752556 15276
420256 300785
814139 720395
134721 11039
962110 27882
5243 34055
751069 285407
895974 899674
387136 917745
881145 834777
398540 901046
494531 116701
354475 896750
63856 454257
207595 775478
26989 260714
804065 578512
245687 193167
96365 231995
123312 275906
644231 985224
89196 841845
462484 793520
481326 346317
113346 927782
490906 403027
915824 452414
30462 624428
104312 871764
757915 620969
889646 969128
92101 818510
413194 434081
653127 224708
121292 341077
869673 437623
784470 468560
433772 708235
232807 162239
223734 798751
442760 293485
333060 416664
287350 454302
965588 737548
524499 990081
416288 685015
249065 691826
837564 332256
452933 858145
380394 784991
732042 166684
938890 849848
835933 53516
659906 475209
288288 541213
603184 554045
908502 151806
152422 21612
755120 424783
636882 976815
890495 883770
983213 657322
859155 75171
387520 748114
884953 569949
991230 585000
357072 873914
326577 103027
103568 845667
37737 789807
482606 53950
703688 741150
273200 112217
813995 127350
364692 268209
357328 799977
50991 776021
555867 378545
383491 979399
951659 322173
155505 744796
960900 222101
138997 324095
750040 746095
707445 838229
647405 365387
821194 58344
532771 629530
965901 740382
695217 395721
291258 427345
419980 28565
244708 872040
164308 266659
110015 318360
170100 696649
298359 93419
79 717661
82929 853873
990231 543352
878079 461162
403128 340538
630094 661112
16745 597937
476025 358236
566478 452380
435260 414403
402806 59838
499230 191356
664694 412202
379652 888409
384046 886251
244769 507764
117013 527342
724362 683198
784475 766479
83781 821681
440564 235661
869339 986133
171757 263346
204350 660472
459929 820913
787529 220981
274306 363884
111876 341537
245779 521178
409460 201198
332231 674687
840473 773181
917967 524034
816572 452220
769983 21723
490036 136171
367448 7189
90870 696694
950619 270056
271018 647430
26567 79603
63962 106919
799913 765876
712588 733301
48699 205615
10313 820377
773139 921342
69722 847016
645949 453454
537562 387092
978148 112224
250917 853506
877521 699484
540986 271648
265427 238932
780591 374400
881603 740854
109724 268049
749182 13486
408867 737048
400034 121775
699116 702202
533014 278101
986339 203613
457722 362404
716534 594677
379615 435515
132528 969779
227724 194369
907321 535470
685953 376813
44117 17323
438109 353275
572988 882857
403751 129455
512727 280787
158150 456032
705546 40046
479636 816335
851816 745724
439089 499671
579885 986166
980138 416164
968478 34437
78690 558333
210352 942224
313819 246074
258245 754899
728952 326417
348201 38052
866090 49317
349687 389473
672825 258393
373330 112822
921896 64040
980432 782318
858468 189602
516748 329594
967220 473581
447390 347819
198510 487384
339444 113437
332457 194344
141361 967112
716999 978163
288882 33041
669024 44284
649796 165753
858158 123679
456051 637301
935142 953134
791408 572806
158740 178321
364050 931267
407528 24976
732436 850101
529772 349558
733419 129875
732848 944380
26758 250142
593616 304783
689954 563304
186049 429283
20678 712112
878751 720373
807485 124353
112303 176908
568096 937664
187382 952606
711114 446103
995092 23477
412905 201656
119900 325090
705664 77229
715040 844097
912838 747707
565436 973638
39607 282688
342415 56148
2625 494432
949186 667104
966473 739077
240808 457636
424195 435466
164887 531430
723780 316860
350290 531402
287806 554805
414756 144234
913762 345707
265448 276756
970345 298786
629417 38544
540688 244592
127001 91976
205707 646955
746767 256809
136320 164850
405269 224338
976998 606325
891451 230143
988070 342291
369603 828690
481495 516986
415534 922746
473659 183529
409941 731305
6629 901770
836179 877787
901624 722070
404969 582630
28920 718646
937558 528533
58727 971274
15961 200704
227671 781733
691957 897325
873371 874191
126167 556480
391341 805324
198933 595016
218364 4333
642700 32882
386938 995007
541619 854803
896883 906837
531194 301402
461367 360973
315692 186898
282254 986039
263073 403170
148567 960819
599229 124287
915162 143360
821090 395863
967417 92613
300606 444863
601175 948485
30865 233467
912751 53755
146810 201506
196954 987177
264480 382837
465461 457086
55966 869220
325314 170675
496741 49149
477564 252998
275573 927231
717263 214459
285560 781767
824227 544695
461899 233984
743440 198290
494964 662693
157129 3544
826184 624278
967870 104765
482561 241704
442170 192404
579718 260290
233701 500234
32869 875427
219442 387044
172597 402065
873617 69791
533734 152023
684460 549250
239868 428057
126849 547122
765113 638819
757107 949943
743988 132609
740253 690384
197870 277131
278291 566609
533979 554801
32645 346856
884726 366702
354284 786554
429313 851876
409609 321971
866403 231566
654779 135998
980569 20502
430255 722447
513014 339849
163115 724734
259032 590400
47898 678565
374108 861893
475745 847045
383915 767441
573397 867253
920323 394292
252917 711824
8520 887058
242908 55510
25445 851808
833639 588298
655644 453900
11029 962760
159716 334815
345427 748489
617708 489921
335881 101112
43573 116854
862919 463524
118546 390640
274357 894100
