5000
91297 251980
809402 274054
48837 360458
802519 942652
705511 447420
301347 298484
793379 150228
542598 634045
665548 746436
433208 984624
17355 77566
89336 803152
795977 319263
220089 557708
812114 708379
799805 413613
299129 291648
394578 771544
512685 80431
644802 856161
80992 393612
854369 37262
58637 498467
825596 134175
815155 160583
11829 636089
15788 272224
570028 864243
992025 118580
894521 419755
922492 977942
939913 382532
72610 940778
913116 246840
199443 20250
377180 358109
394479 649709
186723 29373
593343 498854
17961 705989
662090 557502
195568 671198
12498 643244
511848 265488
694478 786005
317091 368112
656371 368667
197777 663618
600392 889263
493897 709502
541270 827918
8529 18568
704260 312774
880638 772187
880834 186022
402572 654928
355965 167076
821787 929396
292657 228678
955009 800183
223201 67665
923397 411281
471339 830383
978604 311088
787274 598880
299318 748116
793454 754417
691429 838873
541521 296321
295980 103277
301351 734450
999374 483878
826092 910526
129728 160344
650435 296278
919808 913001
323671 114048
906851 667146
898474 318260
36926 117508
987756 744732
438778 959281
465718 900316
149811 474065
578471 139914
113613 786631
201031 713871
451027 538465
40427 109421
840012 548612
251945 638936
156537 49376
672991 619673
740559 607391
355482 159543
497015 948549
415367 316837
839188 692997
241810 685043
376123 834239
597241 603926
460801 540268
74195 692324
803090 156252
190288 104855
441164 804768
236470 342783
414919 633815
936679 997931
531234 993317
323125 17933
17833 831634
727780 881882
572517 614466
887365 38807
98044 564802
259571 549452
118631 5268
358906 686871
678733 819852
300866 286768
183180 322886
555974 527940
733081 177102
876249 91075
705140 3074
384917 955633
602506 298504
287709 505122
140372 582294
646056 817182
514713 905629
177273 603377
311475 156198
345816 961967
347981 813936
767504 33436
278115 904447
552886 561930
246057 12409
7560 915368
526067 50294
630115 93045
552339 481678
599582 832447
215601 343104
624026 938342
802502 429136
783477 108605
578479 652950
700289 675487
191491 886153
317766 61107
807708 548657
776174 245740
13818 160326
309958 941386
945336 794130
919981 366124
65357 464829
422000 832601
340935 542553
662596 742957
890314 157252
504660 859436
227086 633988
97810 872409
58857 411956
899288 683797
838037 809164
535698 472547
368842 822779
486192 409478
283838 840703
517331 881391
979371 387061
55975 699549
84655 552751
199258 76743
4411 557297
733455 122110
868589 450991
472670 326150
21452 563335
993401 483244
241201 217189
694840 859094
283206 5867
273113 180384
246100 635955
579363 368599
159591 801095
308950 415015
153298 616097
616949 595666
482779 916772
102238 440499
535714 844917
379939 727566
19792 981452
854546 889016
724043 271051
201420 849725
255212 771602
303154 621008
766388 49909
13766 231055
30755 785360
634600 471166
961386 805508
581608 793806
359016 597050
557506 726955
882236 63459
970710 721600
905439 453189
175466 168777
563894 492115
856890 793074
215552 618555
16597 25342
186837 152334
198111 693605
753795 309989
948414 253455
158191 301064
868010 253877
215763 665972
735021 138324
964626 419914
80637 291593
377436 91594
678175 328705
551352 47127
823814 491414
952990 491403
124610 70560
267612 679815
62523 548262
547040 356723
619059 583619
611529 483056
173883 620400
807654 409358
135750 237103
105731 793461
931744 991246
313263 520241
130715 424073
640097 436974
371622 722660
559587 919397
123074 808251
529102 694230
35636 997505
651938 292723
135524 922836
348591 341442
422307 795536
953801 221414
602578 937760
340477 570840
947519 524239
994341 561493
289691 779982
803730 751836
360652 235028
395454 783716
357189 690822
426147 932638
353826 95226
443319 998282
950045 735037
953793 701704
52397 857571
199821 374051
597806 738216
943616 529438
181293 171511
726046 928668
268588 622247
599645 992751
964472 714349
73032 213746
136862 133048
854292 348568
233727 285331
184190 248450
996818 510375
923673 767116
798258 202063
749372 165108
781425 736469
539496 161785
857890 566191
352279 422118
831868 618449
939938 959587
130476 224045
960910 112250
402873 108788
488073 344712
408027 538005
925049 848564
386479 948846
478805 477420
456235 405640
165247 945484
390177 932388
293863 941451
528570 316188
164542 129209
114849 829134
569339 205414
278774 617752
707168 809458
443824 282844
451341 197032
524550 583629
47747 23679
776381 804071
332752 183900
140429 312458
339972 525172
917397 314654
687693 30353
339247 974434
705564 128209
269367 569171
750179 557292
739350 424610
282259 346051
163873 177990
819605 170267
908612 744352
953868 561911
916640 887235
918054 140873
526508 843311
235962 458205
593631 232865
373063 927469
911987 856790
967453 196082
535215 679268
654391 703455
427514 707198
41410 885061
401243 877147
454420 824848
188663 863321
397648 211686
871970 731176
569231 313578
583792 27402
895184 706499
168041 554789
611043 558951
339794 207597
484372 20190
237369 707646
962539 346907
257623 392135
306570 752668
797518 760721
669791 15220
285211 831566
963421 832890
419296 414637
162840 2474
295615 756766
218370 182617
490586 108778
791627 309658
794666 212899
819757 413898
208991 501860
169875 425427
795093 573332
967874 607916
717714 779092
230627 79573
263023 212546
187597 801932
121150 46673
714543 783945
867982 763355
13748 671420
394991 911340
535690 496078
248946 361306
948059 36086
140211 710789
99435 897970
646685 287902
604649 241318
721136 760263
183205 720969
546608 464342
825175 170708
574844 411208
433218 267412
926494 318770
815316 630643
382490 679862
878979 780673
809942 652524
31021 114572
352700 696772
122164 597487
89078 264722
625948 502384
83017 252665
17686 79890
998987 259519
760780 79474
337429 271757
732099 168845
201558 156661
970633 370366
606355 130495
38137 27616
167837 153536
88484 673433
500013 357905
584062 650140
435721 145663
930611 856046
866933 403115
662643 498177
363740 402627
64242 923625
26434 836299
696942 200694
201885 117771
498157 111392
657205 561189
258752 99945
656875 402445
63725 764240
693720 360494
940381 960930
641965 679457
586864 67989
48007 369933
811639 474389
570331 845379
690691 774380
96386 882306
511232 278209
376258 17648
214103 422536
649096 219891
245444 98117
429830 159963
783327 201194
555316 281664
96834 265733
648478 388243
31447 518893
186883 771217
81819 310560
402717 299466
325200 553372
791108 41934
338410 542184
263588 237004
628835 536818
106393 957892
673981 539970
245756 8570
311581 300173
693914 162122
457845 249733
962937 206748
288268 647578
154494 668267
504546 950364
31246 947043
871946 461144
771807 747360
161143 698094
131254 534732
112793 46559
151418 668338
285423 982093
371020 299315
199413 121676
109714 969081
181832 232270
980013 594141
706597 23057
407603 584176
848060 508683
907820 748858
87910 159558
920931 336288
77612 171645
601716 583588
831945 477390
492892 9892
62302 582599
93614 946284
127853 717689
23263 469334
143512 918090
539619 618531
718786 545493
315126 57568
272174 992594
524356 850053
861107 208099
821818 817598
554845 580725
767417 728514
952776 241158
715144 915550
986832 105306
350748 568721
446027 882439
630485 12490
103248 715005
223456 514131
117520 276062
35241 231497
814999 713743
534513 583605
633342 254093
414122 797163
139072 23772
293960 467633
616804 467750
368107 386622
881146 865325
969726 480802
103681 907069
283500 724364
583422 117953
889834 211070
352601 395727
443273 977499
211699 892140
738717 571435
467504 476830
325017 63814
123112 684531
11570 155886
184632 215813
358101 71864
829571 116054
22103 29068
478240 838212
597223 610523
951834 659471
946769 337865
347263 792915
610359 54805
545277 951357
432451 423165
259389 785593
376189 335464
670797 253236
494838 431338
249524 562384
139386 131760
682931 377576
791124 777518
596395 740471
981741 69985
212146 926570
863369 196554
334019 780095
332906 804706
229396 5128
617834 532542
594051 271592
766605 665391
898419 664185
130745 864130
920521 71427
206505 887974
144878 206464
852437 40349
250224 462808
100475 319083
1342 144019
419499 210474
210034 439276
212812 880075
823229 35358
578486 471503
746690 413803
431062 8674
413218 649723
174962 328094
875082 141278
387405 757948
940262 906999
768101 262361
507841 408841
754121 225478
294230 824028
193724 344705
912039 96393
788485 510046
178338 261541
317661 481912
328067 538719
74522 448784
808892 610642
296444 595021
681255 730991
437340 974656
565523 683779
893863 747014
118578 811039
690371 52326
314971 982352
789539 999166
310768 424618
216633 799853
417587 201578
359676 564941
74452 34001
382223 584335
618140 302970
110290 651585
889388 965591
433552 591522
121124 735752
799721 232142
312698 8833
839421 612612
155640 420785
299875 874372
124928 676564
4839 565816
246088 924008
414611 668117
282100 816041
905578 575990
222248 841181
198895 238927
393362 120243
470743 272489
726006 791644
803771 813323
495641 230626
475254 333629
601817 576071
509887 309836
354702 545396
294918 205492
94171 991639
406293 470014
386267 551423
123844 353521
217684 517805
121383 114889
561359 483311
157311 367242
14079 586795
119328 714908
336799 379716
802708 731622
665209 435215
338029 595140
734784 154861
197050 102977
592396 596592
363566 262614
184745 132299
181587 483027
739747 939442
911311 538912
636162 598338
412387 771591
212747 781403
115334 408699
752821 324118
470321 796577
323310 17207
15401 753657
706942 678206
674704 69368
878586 386742
674832 431316
205937 905668
801914 194313
243231 979188
562668 479581
904986 384924
63638 73011
303457 820175
190048 580293
285453 190295
508963 787183
966080 921145
503384 298927
412114 86015
480333 318379
236897 483578
205884 32600
721462 156557
875497 68413
240132 45464
4145 44837
138836 638510
745862 481336
764287 233381
758012 443076
373907 160801
196246 935932
49667 440768
649556 463691
202035 522949
641856 477114
568918 191456
781014 969355
903288 345117
225374 885281
494374 167250
61692 634834
801404 409075
600354 44608
394558 879317
850304 899871
21762 275819
346715 564389
457152 745394
581885 401586
170398 813392
999922 131994
196802 898267
527404 263857
625400 597616
47528 131637
173578 395727
909352 317461
527493 758733
275062 650087
721482 628174
828066 52252
358395 738617
527820 108612
66331 627268
841207 861485
203539 596002
295949 409844
498427 667507
582799 928405
409996 951345
527253 668958
457854 22328
508381 926519
370968 398237
725519 310412
488841 987312
709320 557504
594945 224899
701674 554727
24526 315311
751984 834507
50662 587166
310952 94135
874593 21758
666459 933612
18216 853428
131299 61641
105633 113188
534644 382545
322246 702390
316561 234921
727695 167941
609059 333243
874807 696074
792582 784667
230423 855277
531343 673673
913591 473372
555147 776380
548244 417569
13393 774356
185403 413537
75796 65312
476515 860008
294296 736309
595314 604367
724820 186129
909123 93209
792627 109696
518657 216421
680364 332055
522950 556317
636395 186222
56050 932473
8340 542688
695724 911744
171877 133381
894 910514
469964 775295
511167 247322
127746 434950
184277 868934
142003 621355
678994 847692
842370 329631
164009 274164
119448 48256
77180 3951
849842 198581
932482 283869
411093 695476
410066 519047
164252 142564
432341 52900
635599 935232
168240 536166
801894 310780
189439 244579
278951 119516
674772 68300
437577 895947
299306 106459
83754 178578
507266 139441
603854 93998
336391 267585
606672 10334
996310 761296
510997 741825
494568 493372
102344 905870
818318 64161
390660 792740
412912 994552
670478 593070
924348 776576
247697 266918
692534 528274
37351 348626
176407 905577
42237 822823
68224 452265
433784 28049
98852 907875
618094 635706
562951 97079
778742 793995
94904 861999
143784 840512
723764 306802
780996 785114
326907 152413
438843 399098
214379 765190
630896 960825
213850 958862
320876 885449
622773 772065
670081 881782
160826 407653
27669 347599
331339 463894
799062 241521
702433 586332
843916 101286
692687 82830
410913 551644
715821 749170
293569 37876
555902 790099
323866 501084
738917 948109
646465 787909
396120 692458
526459 159404
715516 12299
31907 871631
914501 204567
545921 374748
681315 269073
151983 789188
996208 605444
903817 428968
3585 650198
443934 855690
340758 663809
432551 255627
792065 859444
553513 470130
912107 504939
192132 300988
9800 91014
150266 422207
595100 470782
348672 413759
630016 383098
440836 787362
90421 585418
654445 986273
908767 66770
217849 937899
131938 379560
103849 937975
472980 927708
919632 206841
568337 250640
930482 31457
459625 636665
969952 781209
715209 239126
357583 441985
384160 724357
617179 472702
654258 87062
417427 463355
765005 877417
598698 116309
833044 711442
714826 726089
785700 614278
219111 481141
401706 772854
225705 328387
437512 463323
849692 742849
212350 848959
93793 835926
652673 610393
431784 763253
302285 832693
916812 193498
912026 608676
298248 650356
984095 566717
198067 209661
690767 151281
514765 330718
373473 398457
480220 424967
892094 95213
986776 156184
300064 294194
175054 855020
110951 895262
777982 888255
67037 386018
256382 311514
168699 357235
442833 755943
451871 342058
792806 747572
864417 152223
688070 666730
673849 748246
762877 348117
299685 847063
347388 65278
793019 768983
717246 891678
451060 300866
478434 380852
150875 714420
630733 246936
888119 153488
372826 481939
14774 783680
721832 735496
664794 789020
407574 65336
546130 176175
107932 491759
447878 595864
960216 447028
576643 967304
911679 881467
888971 564684
60188 793457
447379 630150
837158 502370
94726 266504
55389 434329
342235 851388
294185 283667
805198 35440
335598 531891
130352 337502
864808 725247
551181 744038
73342 46645
721289 636464
278179 373455
628822 903917
18018 635764
332276 610424
88289 217001
203445 950387
610505 848021
868642 86526
933630 804801
234369 476942
73208 737790
826483 385842
598645 536952
198673 874007
674412 810787
740934 884496
93947 760713
784217 296038
66034 35432
223893 496432
625539 15259
820871 132058
450286 506309
61807 983835
632904 12171
723790 186934
343474 229971
677141 299124
41618 713003
633701 594170
874093 418356
496408 741475
498207 170963
256545 75739
877589 621407
413141 571245
633309 640634
128472 540431
531574 7999
585955 867213
333759 827842
662037 169426
913011 113076
269850 834456
595045 51185
865605 76290
652807 408939
243155 474730
772630 517398
70347 348300
813454 129916
663038 516638
953992 874657
347837 777000
221812 882177
859257 769389
732776 701063
556147 868094
751800 704265
658821 611894
882274 609993
113473 784281
470744 408922
323520 157969
297542 209646
665696 719351
138280 233110
77754 748808
103748 241029
787938 827838
278200 50652
505878 815493
12961 836809
740026 241753
931286 660691
806265 827125
852352 992843
81930 894409
241163 955241
3576 994304
683912 24892
647625 841047
225342 90362
741193 633009
89060 994907
974443 516989
440135 138035
202572 610542
1127 834485
789881 906230
760765 79623
43243 93040
934473 167437
568954 906888
166966 416809
954475 893189
581123 639163
492572 274645
249558 122222
625105 77086
524078 897357
361042 401280
134929 129492
419801 130825
251052 236786
146690 842647
662046 71236
50043 910234
743208 320286
905728 948897
940562 513581
878336 801261
660523 318765
711867 169493
868802 507036
266726 3916
548736 274944
122818 606530
796811 876140
557381 619200
552422 488712
445701 172112
282397 304048
856082 266394
834521 246390
728521 268988
807006 933291
778658 287086
274755 271870
972244 258418
393484 900208
715956 202760
47660 864497
531640 105170
299204 948111
974668 984293
365555 806736
52957 496811
345773 23019
359355 864607
12557 774072
582599 422913
990420 545833
375269 879813
292873 160273
673386 669529
944416 876127
252063 59520
669849 943021
413595 935266
292 335260
415269 203602
681902 458134
308863 307511
742324 40301
865399 480562
687221 724971
858168 650849
983698 715303
163804 661732
611236 271290
482502 54417
98968 592750
369916 665892
149139 242761
188443 860951
901863 495539
326288 230515
810335 950470
978772 957468
356181 198652
145799 948672
782530 909187
558354 946031
201489 209703
619716 614745
840184 849827
325935 532766
525492 178838
535761 807442
425449 151436
991110 974263
421432 251022
572101 905226
589214 631231
410614 702738
131532 807499
516217 277087
695752 655589
399202 314797
496466 208289
46819 220732
666494 90592
337800 953372
106034 343852
212509 330577
66814 697617
375209 738385
277652 31590
42661 369561
524233 197628
899545 308899
876968 551658
433964 391626
807325 377269
741717 728028
38868 906587
570355 815835
391622 290474
265655 971567
47328 710498
654577 388425
492187 821262
98594 972300
988997 966266
656341 485710
352049 616547
759637 724179
308121 372718
115088 8609
41553 672167
855934 264008
59335 219056
774603 198640
145717 661069
833202 443042
480069 369940
972243 65619
495032 429419
490940 276842
485734 322216
257298 758866
529694 954655
602593 318983
828575 823068
671008 136597
978092 458836
17016 942676
955012 79416
485012 992269
277429 301371
560020 634091
46468 159657
965539 881995
567697 737069
903367 402162
335171 791396
907376 263765
149767 618669
323495 191839
549065 392595
264666 707035
14206 647375
933383 751296
258941 838625
194867 260375
419486 830612
538329 748247
976087 163965
227681 675186
526564 393136
740078 56591
80191 124860
72538 75142
781404 505776
293587 41736
44948 308025
786223 833809
77816 845512
6879 361526
972735 260514
636488 877049
730060 181263
666783 269333
149958 937189
18017 362130
937983 891651
572040 656922
191064 614729
203830 702085
737035 564206
260080 106880
351967 304930
548274 201699
391320 599848
924961 37899
762532 615082
996957 150628
809911 52188
841300 620913
652982 949500
404516 79480
844990 768072
832696 520085
130538 923805
212872 26296
264920 263973
453000 669849
700288 872385
500607 83747
786199 672253
84929 237704
518224 369444
278377 201413
795312 521959
602917 642158
314607 755395
175788 202921
294799 80756
595702 996236
32221 762852
341888 244265
167461 477759
399055 629158
486820 470286
464479 487526
68409 851420
350176 402275
775982 976433
302669 593287
126758 322318
742681 380107
737791 384846
22633 745397
167082 677597
934701 43254
492229 915527
928261 313341
345306 271964
942545 637228
985817 219320
886435 930319
934543 799576
638482 439693
504043 260863
860887 719247
493456 271809
363567 698344
316243 457101
489116 634236
803030 747809
365123 742632
974130 110968
563618 401715
767222 107904
973298 304763
297763 563593
611656 343199
938782 434346
842325 398884
751796 903448
507076 440839
453590 369551
899430 202077
739949 517135
193185 367193
935187 158874
868022 256792
327160 244044
147456 842309
365762 953175
361631 971532
36532 405916
176830 604022
10631 345781
581238 835128
662139 522372
496657 481497
230375 49179
590989 979622
488972 94766
816812 547386
418079 78641
995941 727793
917727 443250
335287 90571
358701 803164
600353 543559
254838 215744
122565 199321
23421 748531
286186 366979
347119 852521
369342 73793
183890 92939
918840 660294
815545 986424
365663 797149
259609 382584
560809 617448
874186 486272
881322 186170
496261 112722
653796 896715
107961 609777
825329 515106
913613 469183
115980 924580
126855 522368
676582 360588
458690 705932
493500 288709
714433 259576
198311 550787
453246 346213
403867 988852
944908 63194
375684 218612
734116 637989
513871 346722
755751 905206
348917 256578
850864 468754
205719 189397
631742 928516
353546 50092
307202 250521
902486 515486
381584 479805
324965 226234
110990 122650
747629 229311
469620 387373
876153 296742
832177 188382
963164 685561
2923 145628
815458 496737
958887 400336
747267 725349
267935 707896
235630 824832
588899 140897
14420 604356
661059 660551
475742 275624
397114 505346
629871 714680
964033 653967
934440 522173
379158 788730
45056 284281
177625 99611
795945 853907
87089 701899
401758 301349
546113 307622
219501 4524
945260 397791
240171 755682
980241 435502
438466 614766
762698 475970
919657 915105
817746 846110
516997 466604
742923 751574
740881 762225
748288 731914
220302 298161
132983 724256
544132 905251
773531 152501
568666 962848
150507 363352
251021 246379
273333 953645
165995 931519
980931 37443
415384 442174
605436 388761
320350 653059
446618 159617
354110 722652
178762 647366
306976 86655
415397 394176
839706 949204
609342 910201
863577 798137
138122 76179
653869 886246
393123 996973
153088 373083
483205 832137
524876 537472
511325 150193
980973 541016
470580 258334
101566 54773
521729 7402
12071 327868
598444 912655
652773 166408
983212 354076
96267 757969
203156 806500
123466 290702
511047 820846
582792 112189
495989 45221
27491 502545
366933 291146
679687 515459
980025 258735
411678 302185
250400 419250
497999 674747
666294 988351
787232 699283
877208 323643
409516 917659
880302 251527
491674 469923
5521 217012
742372 292200
478473 93172
418271 570266
802104 461637
640593 379825
978530 50289
429755 597721
828487 297783
121675 646759
448709 106162
59252 879036
470972 282720
980547 612666
997764 890943
293763 234396
338560 299280
208761 851114
361012 597434
334123 717610
9327 845418
24532 852861
387275 324000
230298 664696
518469 200017
442236 80848
197374 330973
201965 196644
150172 975216
549257 124902
406902 2565
271740 916870
420674 511852
303549 724478
84334 143242
562023 919838
621322 552107
717082 569387
50091 605640
236344 384570
928123 632274
748293 211304
712998 146551
602190 965235
878238 678582
90974 122950
887654 838157
334702 910717
964052 360311
317502 927202
939538 323598
129259 346079
201919 856953
511085 84965
164266 699139
345838 431008
795350 829996
604715 878528
523203 829599
369190 173876
431377 554916
133753 356185
729747 459390
476231 524701
324021 365264
4607 14286
208874 568397
975704 996328
850218 788276
183699 384475
637149 40131
265038 470352
511276 10218
918943 366713
611193 858968
235460 32777
996874 599720
220194 102798
489685 733975
148807 654147
328788 738643
845658 420448
607299 258723
708117 279843
418017 562556
967991 394597
868529 459659
548950 428493
881634 596696
26836 370426
195201 860021
789544 709884
634664 688322
13796 871741
423517 991937
595265 768523
597465 282661
581363 178664
24818 626287
936476 34953
840541 367174
919055 197
458791 858031
848794 324162
626427 917689
298050 590096
58721 584157
540884 758897
102197 219947
549847 858559
95390 842057
637276 715428
846372 11422
514989 517604
69605 938034
692348 490267
80437 990817
674660 64623
342862 288833
866507 168609
117877 876404
760944 456412
931521 423491
316707 738680
542575 859446
130832 655139
661880 648462
420859 840978
683625 995196
84535 837989
911907 465895
429282 667297
185056 801536
110436 953906
849934 953107
516266 431703
856649 94089
247021 483626
421436 960687
490930 524081
535976 876684
366390 713368
332105 167372
618930 926608
392003 927336
204438 567840
928728 741703
105236 724476
957018 572458
389583 64864
188965 603671
793055 574435
186360 25789
554898 751757
996941 53952
545106 808169
14359 583582
857784 62689
503623 844013
590873 442277
200097 913867
876809 396640
649290 597261
847042 742597
738053 655159
907121 857119
859965 859605
848251 147821
746370 548753
133811 17708
520506 957180
461401 295855
539445 368814
26917 781567
74103 269670
999155 616076
541738 985719
572203 388406
501284 489569
696890 451644
806127 688
628658 889011
491067 930894
772255 958219
162847 523502
786644 955288
832736 975260
447600 88943
443985 830163
589871 722863
428786 298911
382957 820245
803711 833620
879913 473658
857896 611207
940853 399037
885852 528251
323705 357428
601368 253221
584137 799047
478127 827549
892497 24137
887289 154533
494140 762571
336309 504530
174980 993112
603725 326960
188852 773600
61746 265650
927806 820302
885616 285871
519439 59283
272167 341551
193506 641535
789565 532919
928330 248909
818341 361778
648781 467560
936570 508412
263184 633067
468149 695606
585432 685707
124797 227225
758497 60357
304791 887444
71683 583414
692826 149068
20177 385031
67314 292782
393417 350414
848359 702081
978342 36131
799330 529478
832845 939267
268221 278150
809717 717203
465753 899190
206407 367990
22516 448988
773377 465371
647568 505057
354168 533935
279175 613969
752229 299535
31084 394282
949795 374606
304653 283827
47507 469696
170843 688037
583135 259017
992373 728773
634679 882868
924276 326171
56740 822252
522602 775246
656559 625776
31409 750480
233138 66270
785730 122414
403042 630519
544348 577839
571440 441563
885519 667719
406765 436589
199011 73282
699883 797172
379697 980164
570127 691131
365450 23165
985123 540634
912356 240712
431491 499035
913372 429817
79672 84791
545908 681076
777019 985457
185875 301656
855555 675003
409956 795345
809469 465552
287109 696489
965328 988154
250225 373303
996429 429725
58536 90805
510829 473935
82797 709968
537832 147394
443643 94116
945546 269248
437194 182780
116234 68249
422419 504971
388236 658176
606425 756049
223230 357236
334591 714037
983468 472812
912955 871668
891487 837930
204564 499692
808974 534333
246594 615780
104302 338740
631212 332857
100240 219090
33634 12980
503172 937313
912098 410337
239504 501031
356163 792820
268791 880769
334411 769730
39346 369687
156241 997784
211996 22859
983845 3999
340309 352005
331765 357562
178578 463871
997839 290094
837498 976686
59118 441390
845496 705073
921052 673548
352858 411290
862285 218344
865929 36725
708629 809760
477861 175195
788958 804938
106730 67161
966767 652729
625542 785652
551177 860005
414211 270168
220290 903258
51399 429458
641432 298773
942855 178863
353378 381234
329366 269432
244659 741198
586393 386499
882289 870347
102115 792709
232452 384042
461858 828119
387876 398637
664190 686942
647805 791853
714577 911674
260866 364609
81975 90912
867103 438886
135717 943229
894348 396106
106279 707583
60571 702215
213870 948090
595588 338010
91292 190544
663274 405660
278298 428160
783237 304801
497967 418842
315789 944843
333860 815579
486205 305353
330352 760586
137019 485578
36234 383648
766913 549853
30190 192305
251160 720996
10983 158291
454315 182519
938065 188861
206687 197181
381098 936772
491069 848850
418698 627871
297266 272795
935066 865113
274372 202409
143423 562898
822832 365051
841136 151637
601482 183705
824706 611298
13649 252582
193321 401282
218586 662487
905536 875459
680964 855159
960843 743825
515673 824853
320769 770253
654979 90867
105071 398846
610221 507834
468052 864897
724140 123271
726665 571285
918986 536644
952671 864011
99342 554283
110501 603633
329845 3621
503706 150492
392458 892803
447106 124297
254632 342862
698102 891974
720679 934951
826693 526387
169047 902
774816 572931
826454 528540
825528 487181
727219 481275
872904 956149
37414 562657
634256 395710
176159 549636
485478 900080
481462 922624
213917 494408
589299 426107
785669 162752
219295 581246
407801 260498
388516 862846
751266 308209
859944 959216
285894 53752
730469 107355
691474 98095
784477 180655
253564 339489
595783 885819
862192 298827
318841 874238
617271 859165
838558 705850
345528 663905
68893 725967
367455 965613
28875 974250
264733 961277
158965 76603
912408 966005
652418 652970
707513 307237
299924 474915
376799 722778
119016 435249
438687 741253
453457 247332
864668 951301
75874 713904
597404 930135
356416 825224
779076 622757
721445 935097
94652 125397
322368 782982
889250 631679
172334 283383
353548 14197
547065 283213
340917 419838
448332 27678
367898 902125
610361 899771
216677 561636
309623 272788
793783 745206
989203 595049
570648 410877
5396 307477
934427 908839
174591 964813
85219 784798
974539 217521
30373 172970
420030 732073
627672 318424
676796 941063
224984 425695
239779 870879
20539 560828
26698 483563
939553 691541
522290 671588
281947 104577
352797 580951
162823 626062
527525 521078
440842 40635
411159 702129
336450 374966
96466 164534
786868 813214
744758 915760
100985 743848
116872 739865
75797 112545
599402 811303
156171 953716
661489 931440
778810 788262
681960 360567
884891 867827
243173 176794
937531 892082
278154 333583
191840 466966
316008 978068
566636 865662
634829 641367
216013 523154
492279 19406
831960 578031
55620 768233
190356 875866
942258 972156
424427 386684
859051 277538
742422 450191
97080 581673
648751 647420
204634 227345
356666 172973
84534 872657
750743 130244
805143 216229
551973 240825
293441 84391
918192 612090
712272 694523
567321 772991
84340 252896
207668 511895
687991 122568
993934 742422
942548 193943
373237 809505
155450 535091
844108 219978
304199 9030
202940 647119
360892 79598
4814 389578
876710 135820
505042 950463
172047 136736
888531 496177
522194 395242
328441 126612
888636 701848
364191 873820
675636 449326
350230 396352
547073 809486
727928 467628
829250 577050
618328 601189
464148 916448
556312 811412
830231 699855
998200 388623
183422 323933
773998 251714
611196 144163
740081 523981
563238 915691
163249 319435
500932 715163
556748 703128
476744 716612
844529 541801
447631 274262
481766 647573
481966 34947
965388 660277
327616 162029
564279 451972
863953 241430
949099 174127
9635 489141
148770 123749
651187 559838
175040 364703
998118 529712
86894 5555
564918 596064
889539 472091
288353 194593
733310 303481
372766 716584
478949 493662
532386 836620
988638 257439
786860 802222
975932 153111
736476 445453
969988 584845
872035 349412
815481 948976
489303 626585
113184 704712
910982 368691
408935 833190
154661 627214
640673 906495
810995 38956
62271 993083
553209 71162
365233 66495
430882 616052
129202 414368
404915 995605
741996 734367
656803 665531
60119 387972
207152 244350
929919 413251
662252 291999
184690 890189
282973 265552
378730 639262
550079 671207
648902 813482
449908 886137
118494 29563
493420 856140
916632 354363
131710 690924
496350 812970
567563 524577
641301 475117
763784 221293
578576 483012
696255 63208
514956 247771
27604 326462
816043 120585
523643 142126
910105 61523
790255 649799
857241 621843
566960 723573
743921 128967
622295 413312
585448 536669
705308 270119
14886 461804
420454 375326
555239 474049
916298 769969
888778 503327
971267 79555
8423 62926
185024 80896
43828 902805
257546 288172
560623 270540
678773 9343
224209 496024
931675 797149
467100 475037
606101 487498
596475 416553
658024 669058
100057 65061
660302 188729
555339 403958
961364 286682
899524 496313
585054 930511
83205 797975
808956 530195
596099 673495
193903 254049
632101 411815
401100 811352
946146 245822
125503 641061
767182 463080
548206 660022
568735 905230
722936 930762
487734 7403
572047 51571
728464 58654
688139 633835
224593 867747
884676 688027
69440 309227
581430 5249
2196 881430
270525 1599
373084 25961
811288 934059
148933 397271
425586 736056
386057 907462
491018 935853
241275 346863
492071 579628
644480 852457
426606 792327
675132 886834
167831 472509
6767 638381
544021 672474
372169 563048
466848 892698
299748 879002
264431 891191
649296 183057
360441 635842
81436 483040
692206 813631
206335 99726
338418 347884
28615 367956
993333 797418
519846 406775
395182 343774
868619 496577
10754 479890
670368 626118
67926 51120
92007 398935
988382 163816
775841 827209
932323 754600
906501 217676
256965 532570
755711 760215
395711 185108
22434 972643
872671 434546
108263 507680
718603 897029
896057 178674
493231 16628
747954 363456
942384 307685
999495 170426
226627 57813
720037 133024
804431 734940
534712 488977
793817 956639
786530 815924
781406 762071
763770 467208
109634 459849
460583 678870
117344 783475
788788 714432
304966 884760
55563 57236
65188 640405
182380 545463
288514 284099
710671 832926
598765 842866
343004 525312
177875 729608
156676 428272
536760 991964
829510 207884
317376 649505
193360 328436
361077 666400
215333 835582
144060 944934
464508 598899
9016 217483
195155 236399
863381 431806
136806 599971
572060 628943
775470 406084
752653 7015
515757 116860
143593 840978
385398 295195
922951 821745
464724 421691
23715 712413
655219 134309
539151 659669
732502 362960
111397 100472
427466 225407
822947 664111
940270 438259
592501 374615
289064 503415
645161 535786
30598 947732
966815 49040
542884 329118
151353 331503
439140 748538
48025 117848
73204 913132
658655 34302
113924 834722
817642 107579
1970 490344
11996 136725
777666 952251
917217 823682
381348 865230
694283 581507
505266 725548
122751 260698
422991 230644
247833 537737
771680 319740
361009 170316
925532 226194
983272 655594
614607 491905
699548 337143
629222 47017
527335 639035
451931 994993
270562 698928
200258 39755
492427 203365
395627 689654
273230 66169
427225 629748
438504 743401
611848 392095
40072 345412
998221 611961
341792 327989
391162 440167
649887 851249
919599 807852
985042 957904
113410 195246
723172 503915
235912 841409
40470 376729
218436 214067
845473 452543
215508 319768
129223 108071
626921 622523
529977 938585
577382 17324
810169 807532
794827 302543
752679 19518
652247 756977
275982 464130
730467 863522
871803 109923
594440 558118
515971 463401
854954 11364
177746 165141
891144 278182
842756 33230
544826 851053
410572 732161
451569 413106
973881 133445
559862 862786
329236 23037
501067 941710
309618 421554
329632 777029
819959 628055
353851 100021
654675 529516
249099 340473
90806 479028
892821 753802
394221 520210
716551 12719
215300 197520
246160 600982
53574 57350
636453 962613
660003 18455
717726 780442
246095 518834
505273 343515
459287 66490
501931 589592
245293 11097
130 718375
385124 880687
93636 920368
804819 787
198083 678362
800496 732432
589767 711794
393978 70164
168170 152860
882163 462231
271705 186947
716607 123867
698801 644028
551765 272898
956170 893164
237567 227273
349858 635712
763885 159842
607160 596546
453837 140436
851877 724340
765461 433547
612684 895284
816116 526635
113939 598539
563040 95040
947375 11075
532047 760870
747406 854576
112667 662011
165721 593859
963609 241150
64390 776299
681779 411447
800527 532339
968942 114238
967863 631139
423315 904046
277359 701226
332787 367542
14555 737809
449269 86337
898102 295872
379935 310118
202326 546693
594306 228347
795390 905925
972532 568331
710407 240540
619564 447824
14558 761899
354750 855450
903975 910897
822635 596443
40900 651967
727330 939549
403725 194841
891754 839072
157390 851089
9632 430340
916646 366914
370567 344091
991659 30482
978351 233107
825969 272759
284415 120956
490917 522747
859676 776720
246220 163830
319877 190545
349613 506373
495672 412719
363633 446606
446409 954562
607045 643111
405829 703765
402629 595156
22211 842138
730739 452666
421177 672292
485853 992430
236051 54943
6296 241400
81069 463975
988268 263563
202570 506566
465570 715181
651660 295679
725054 743550
150677 857530
902385 501283
450323 3833
458575 82003
922969 884282
748651 680194
141679 986717
761424 629309
438651 288612
713630 85405
808626 842944
230585 171375
863298 453407
125212 567759
895665 548441
411982 784194
975830 581284
854465 640648
572072 585552
565217 64898
626409 114571
553348 923316
668842 40386
575035 762489
238538 328275
690349 581771
106086 318357
899089 879338
24466 512077
529975 530272
646476 792887
430798 643623
955053 213061
769346 501086
885531 398523
551641 363246
553593 597811
18854 216190
620990 907279
448957 63342
267660 110659
693655 801824
131210 385791
983338 982374
513839 254283
168955 275253
436472 120902
3967 455896
487303 499530
244385 402863
317268 122609
30747 452413
481507 43232
61448 479656
720106 165821
648845 42376
772838 375975
622833 612450
194037 216169
794256 379212
90866 396170
973602 902580
170073 166
348269 350354
316960 112445
921569 518589
220863 426272
104230 916642
332280 813305
897871 25413
919422 540997
221731 300004
870802 951159
188594 493755
553422 712923
741378 602250
823790 887218
304446 851860
745479 777603
597557 141834
689250 74456
697864 661573
980089 947556
837103 780869
763177 217722
385566 1611
144295 394134
428549 781208
229012 443257
289447 423132
451860 541808
129640 276330
517531 534297
269849 6220
539683 280485
370048 274794
181452 845079
892610 390592
100376 497732
1739 221446
57376 592521
944949 279842
146364 560328
71192 534115
672251 842973
595105 325726
888583 633374
475690 206411
692356 660878
876796 487504
256766 15197
480148 521339
709887 566820
871940 931067
288545 987601
591460 155775
815533 664382
563716 283540
970989 33541
214104 472480
215007 538371
836919 591312
630949 658098
843736 594156
613326 301396
513711 642875
639482 463648
294802 933158
212687 971453
630228 412637
20840 576444
603642 210839
948113 700067
383171 257787
537965 999338
800391 642075
19633 238733
305348 157579
964102 974161
700922 883418
870533 430778
265310 722824
544110 977348
234382 547365
508347 446460
828578 923149
99230 543644
592361 570646
468520 941023
366599 480524
835529 715294
662482 490979
780287 308577
54454 659818
678918 547895
792235 734637
10103 729116
559481 750586
878599 769138
918102 346245
830058 761622
790332 879048
695994 382943
490564 202583
586993 823135
549654 915171
227638 739049
427302 643783
32657 11822
313433 147014
798234 346877
534949 628144
715998 381507
646192 82959
903991 502575
453967 970908
535818 955770
953617 212175
386589 619379
201779 962664
605295 481646
372795 804651
374531 4025
815991 679694
889465 166122
605175 864353
541353 705684
432591 596367
42584 413043
408443 162537
399122 978975
373249 688848
494331 883688
280922 872973
670801 848858
461348 79695
112172 41221
595741 706822
266573 242794
838143 414549
701750 707347
71860 602124
26837 164301
8446 584944
197989 58957
5232 961338
188606 422109
709498 115412
646676 923178
125709 150094
482172 500395
467196 518343
979606 191176
293962 471312
871383 258104
380589 186733
145937 664221
507574 111036
213573 279185
758592 942749
378242 669929
846569 615848
534106 860563
722087 189169
243774 342273
56042 306421
185711 821010
780129 721105
659838 545857
437200 657765
894239 541567
690697 647008
236685 43121
597971 83937
580130 906992
624460 540814
152187 652546
400507 753467
888873 107744
764278 901191
259616 826619
135270 31485
563890 583276
993667 229194
283180 290183
550026 895487
151764 739989
254214 552239
765515 123027
866952 203938
42388 460949
484934 20164
897186 944918
332214 10362
515582 839547
795830 278236
480292 666997
159719 210301
290913 15523
673401 682320
56601 610335
954418 684506
58897 469374
567632 63036
665219 660633
830388 758951
609452 639895
167977 668557
785598 527449
475071 240724
467437 269683
40135 119839
768785 107016
353426 508596
395277 454704
65893 697388
463103 409612
94382 138031
729144 976572
305093 45298
800056 505611
856866 322621
277853 129966
481787 426130
822042 468769
133808 917435
432564 922656
285879 989312
5558 350954
19908 274460
210599 221914
77090 126092
761871 809434
442595 166324
188106 148588
379819 875662
681721 126031
235466 1677
664018 778943
765493 519948
431439 6819
219657 224140
941683 4398
333247 958645
204915 731755
650952 256386
314744 220561
20290 191423
289205 935508
489085 601969
200295 369541
400073 250860
611102 543940
950576 749680
875032 743259
459368 227468
97838 165089
717556 338723
439058 870563
84643 607314
307147 539189
992443 637727
957216 757203
633621 3078
60240 489146
311940 766559
209228 725294
19658 500983
745811 181094
663731 247179
117676 107655
194587 268897
554019 404020
985366 408195
716739 92475
779958 775004
146457 8160
567223 887559
474840 85030
867063 951782
171438 603743
230048 978780
890799 55722
682935 906648
593506 114850
402488 848278
545750 477495
902508 328468
21884 807554
385132 714976
212068 620733
876357 568224
94668 967175
154977 927944
195727 170012
938993 482506
503869 486404
37868 503903
819940 354649
264391 520077
430985 244210
456330 93606
845669 43741
443488 204613
3621 304848
746366 534603
668486 546470
72603 120839
880712 646969
729157 117608
331508 179696
162270 746603
227266 344740
322235 444688
750555 17435
102716 990075
149069 866025
979601 289690
60354 620577
255227 89050
123657 427137
161371 184821
659603 960273
977908 608503
85898 149287
350930 552014
357868 194665
39844 632840
604868 98806
361193 73686
8741 436225
929429 890919
23256 161352
801474 654741
151389 155700
520647 474769
521386 99759
612586 766103
476566 408755
925323 17004
814966 75817
520162 179852
383343 642648
129898 677341
599040 378205
104859 106953
499287 442845
192028 55155
910170 91972
942951 530838
799471 213253
355301 192929
294683 969335
931970 93555
878690 448786
429649 164507
42914 817284
483432 235931
6409 955291
180525 352440
777677 304345
738323 419167
825457 99367
271669 410294
369780 207057
340887 162530
943136 929427
514308 78663
494196 766100
592412 320247
207389 799377
789889 477709
137619 2702
999078 490475
160849 947581
33930 234431
21388 557850
326575 700155
22051 336315
95381 819422
213402 860001
279058 541830
555765 940712
118832 765780
168421 201398
831177 751933
363374 591223
336223 21900
58225 608779
59272 814828
449404 419926
800170 550232
531456 231133
41461 552823
401750 938542
642812 425710
977492 335399
26246 819629
160875 784808
902076 110386
959556 900329
605380 353190
147141 213903
821521 284927
729323 229473
69127 563565
465699 482896
800418 602953
638592 966119
470677 532490
14744 378753
847501 837
823202 386195
181368 783503
585692 274190
474822 743402
750143 869551
879492 444956
462734 260732
457383 215068
90906 5719
982838 273008
604457 104614
779765 576368
912457 877129
508790 627637
221631 998690
392689 797313
361739 680969
225629 901939
452996 342328
110490 251987
860478 245
744876 93477
884794 71275
94710 12809
324110 715296
896853 176152
859990 380805
889549 218296
71975 758916
330291 682053
879612 37970
901652 404711
905484 661394
781704 434958
911263 862569
549738 489879
296818 106224
871359 690661
88885 371511
48811 176532
752732 522863
600069 33991
112975 27507
939218 902890
196418 79863
944678 258390
641957 10578
22577 109804
644912 309847
79961 111147
103071 939667
324590 516630
550360 997213
790827 225836
645108 511661
69035 302102
920529 890139
581072 783252
405506 596429
417721 571823
737281 260331
833574 443129
870756 929024
907955 260610
251275 327167
131705 871101
871799 173978
102088 665750
446999 87275
512862 748913
674987 801661
952939 136365
344306 146255
992394 500544
704429 912971
784432 54395
830936 736167
169869 92944
662950 876147
588520 134345
405080 220584
109460 177263
206608 398304
547490 241765
547875 38395
972398 524962
871646 444305
304985 384556
442775 218244
71814 182899
652967 236900
529608 266533
412061 307367
118905 22482
489643 424580
741708 809276
750342 801789
434276 390181
925689 387398
206986 346168
600698 939222
809421 380187
383256 566034
939770 771603
141200 21703
520681 844729
810609 645681
504372 788702
627859 271898
721678 633539
948699 403870
354652 540484
774620 595175
70077 711161
97815 40121
909950 332290
541850 518970
980688 739310
59776 845383
429782 857347
651824 11603
339272 431188
881296 140465
20233 322726
53051 844667
860084 485648
130611 515255
781709 139536
114831 656220
525030 191332
702148 534261
190726 389065
549275 896465
703486 854363
562965 239088
297696 105662
930078 393256
619182 47936
429881 974730
218137 527509
205660 361664
804187 308075
97666 294097
696513 858059
788853 300037
59949 307116
26354 954000
229940 753713
646147 364364
231422 724883
839682 305848
353196 707484
306566 493439
792743 7314
586871 705586
207041 733668
863560 769239
841525 953217
976376 919971
438571 275220
852897 240077
603735 602106
302974 890049
815350 53318
355319 708514
962235 209515
458461 627737
674323 657747
794837 791676
839476 190924
241451 467724
472031 37065
681826 898555
488441 791406
163201 374411
254374 689118
984674 636985
875838 895346
84099 512426
822217 275320
904552 562478
377651 829021
309373 829286
733369 586224
574936 111677
949574 228611
222786 970039
51962 271254
610849 25183
783453 47126
143544 446310
933050 512074
492335 557617
215760 556019
854308 615902
713220 866911
482530 297215
315264 760697
167166 694203
167286 842273
152736 472923
144417 993861
969614 714888
986632 358828
615240 213864
162644 576626
424041 84978
336551 169833
249190 344209
619581 344547
381897 138092
557892 463335
45651 945912
72445 524190
617686 879767
692636 333490
695050 102425
354112 915591
188106 940022
533488 541673
193515 948419
417097 586949
78115 600860
324358 4672
54216 393706
483520 320086
308389 650214
71589 745100
175602 663978
842289 858731
847584 728866
665070 618273
40528 106623
452078 606361
998019 783164
653862 990132
198560 546819
232349 796359
404825 213900
572733 682410
918343 847248
554530 314438
476320 320495
173999 924087
487717 224191
981587 291768
797298 679697
783341 752283
886333 303449
746645 306980
67126 169250
268740 291071
458875 861412
809887 536183
200992 449572
788487 603331
776519 689803
587918 472361
495313 850237
567169 358577
90108 47003
610836 899003
177316 773119
437837 388817
650596 714548
429697 647526
233925 920317
784060 314851
700605 764305
70663 294050
146599 882562
817296 817007
125555 759971
212003 358293
46428 882542
833070 797173
593591 265996
46272 755841
847731 757666
203662 633092
510656 217649
482345 224764
118632 588059
385541 961214
270347 917900
940651 198541
803489 728107
146530 941028
87762 169931
499797 129476
424794 383683
550700 751635
172379 328505
563940 580244
61062 292215
978236 150422
117082 859095
537622 495981
222455 509032
603048 284062
158740 330592
218432 945250
727323 780990
302628 583645
400351 635552
747726 275486
820524 497149
932701 498620
175566 631385
995796 66987
68365 746305
263430 28315
483469 326535
200221 489220
15151 582511
644481 495156
824835 197618
524806 664238
192839 202192
642997 770310
830636 216657
961378 424179
837914 370324
481526 210329
789389 691943
657837 413325
588627 98123
92232 892468
552024 81759
323255 829918
510859 271017
999205 346710
321252 527064
834442 228909
32378 653199
42445 874127
516997 967444
548279 714027
752914 453844
165123 714055
250270 354023
110261 536064
641437 430134
99946 776669
934929 653706
742057 583960
832219 323488
810995 392899
220109 51029
89556 506279
87702 277967
974142 550210
735640 997065
717710 232876
8891 773593
612161 380644
108640 529246
249662 480041
242937 522377
239921 246611
331486 591611
965001 417130
262769 721109
520535 630271
839740 921942
395616 48662
775080 32542
485115 173946
593131 440358
87542 23100
450663 675368
826775 641861
43546 973408
233259 518004
465058 43413
643807 277604
121040 578324
321362 570971
287629 345801
277427 17060
272190 694044
299088 726753
263671 862339
566276 283162
144710 838737
998114 153166
796826 542190
922858 636656
728039 598036
735144 441905
358038 838929
126352 386199
631690 203774
66207 155054
122458 871367
621741 371417
711492 90012
647204 804122
767178 227069
416975 524202
438395 431240
33137 355605
850352 984277
377870 486348
245339 817096
34576 545597
236216 817997
834721 515718
584777 898594
942311 255650
230697 377288
935101 148532
582731 52755
529766 953116
448783 473335
104093 601911
984854 855727
247629 731386
947471 1676
306186 698699
555787 428860
436298 798935
827110 936997
542350 175685
215152 527900
699114 360808
329095 185182
161290 596679
971874 582353
802981 712163
439370 554871
115655 733518
153071 760245
602880 20698
144839 619543
251971 200913
514576 532930
522885 713285
783782 781184
87331 335171
567228 145234
68696 601844
381513 417915
296396 792152
856402 858159
695325 884485
469023 600450
308988 106433
991785 824537
108454 940142
644980 496083
1591 501525
940259 982415
739126 398440
60471 243922
455330 570040
466813 406648
698799 311230
81009 781372
148486 53114
636706 146060
995443 378216
611808 829436
753396 839949
976711 691716
171219 86324
960015 3154
915554 481206
234048 871266
808438 310944
651522 803568
7033 964100
668721 144960
542866 396894
320205 68879
866811 232360
468273 990884
322071 987926
643836 315001
967377 950844
183551 310094
651400 905855
313668 279510
279975 312471
49885 556770
481307 193816
193586 898015
350124 264168
680170 604157
207121 32920
149938 888288
740542 388966
894650 193975
976002 617553
514605 94998
50368 822901
386771 185161
125683 231762
781559 756720
177585 8293
515297 717197
115765 707683
931105 896892
355798 789032
759957 833956
754675 166665
726190 111710
767039 338868
281192 75915
874070 444740
431630 130480
209019 680318
584172 41728
857329 886298
669772 657726
378260 99624
503035 944600
589896 253327
545077 171413
819798 592322
593413 744525
466665 342273
745296 547913
489647 584329
549590 524410
65179 526577
58343 611891
177998 565043
447241 396225
973330 850162
631703 968070
749088 941821
453494 372782
46370 485624
345106 761896
267991 379295
143145 321354
60426 340596
867439 337371
605033 122322
713175 327323
328349 346755
325288 112900
35333 317997
197272 539149
348600 498131
23203 379770
683962 149982
247905 840406
969016 18901
324727 142925
406471 677513
175554 500287
864689 135526
628424 569967
840039 631815
713016 290875
352804 804114
354583 91898
912279 64220
407283 427674
697186 401084
995983 707856
52713 663181
632324 89273
91421 823694
580018 586174
716192 761439
963136 202709
451818 666729
339730 625361
598081 539965
54783 642991
87 142615
997675 241152
97722 701908
229707 988419
370519 194448
829312 279558
169761 937620
692392 497747
637558 814914
591491 620888
692139 830931
662563 30888
227069 928789
476851 736003
875072 467216
746406 221807
148206 322698
486370 183607
37103 895370
549861 330365
362693 13037
999998 796155
282309 768673
878872 849341
394451 131417
869260 92019
227018 943645
868550 123476
474890 876753
55907 272814
944875 551304
36507 949336
617813 334067
697144 17355
725891 71878
565204 367934
22778 992309
490640 167477
78067 241853
83982 636460
116871 606983
461500 316017
639492 201350
843497 671162
362244 648090
498550 253513
314292 150168
453612 90289
680412 949863
528741 207755
997571 922435
290372 354224
974158 336018
836171 819067
712496 312669
268497 399300
764053 932699
826180 834279
846938 690139
922916 592486
398967 601045
485139 573605
447580 423769
646152 796044
648601 422254
893044 327207
206170 906442
487991 824397
740908 450282
408679 971993
855597 515402
139635 599895
68460 10752
566075 264256
182736 674553
596637 869807
855160 669412
296200 460028
760501 294814
523236 433786
48341 619430
819235 142587
803317 260276
525281 449226
581194 644051
440505 395322
258228 300779
379726 531337
936568 999620
527069 748209
358098 545610
765798 45425
635605 533704
142174 647448
383903 288384
196216 200789
873263 104000
171230 550336
309829 9766
656430 298797
27714 895983
285631 131248
337942 502556
925662 762134
181683 550682
759728 499631
68415 22738
675616 377864
111218 108732
981437 777220
196831 750471
221021 523865
420999 652798
478400 859205
181831 486588
230756 16367
635164 187727
419340 692877
284372 433011
799127 615738
88792 736221
844165 947318
744143 109618
23934 158308
407535 847593
326604 518997
629169 945424
641280 743963
211548 718099
379570 920655
71405 848554
326649 402382
434732 903612
676164 234665
184136 107337
987610 185221
311443 168843
78175 977100
946225 303932
745558 687192
650219 362060
539118 915003
733814 532292
332227 585925
487675 330232
180300 606917
981775 103815
311294 908645
595632 796742
226110 195519
665275 96942
876198 383113
600660 812294
28663 771226
906032 561014
972366 410955
667612 859379
112115 446952
28384 920084
145382 913402
797335 941608
23450 136706
817018 138966
826176 542642
793663 21496
789170 914546
561227 511663
730148 526389
865884 983696
946341 745407
709843 511412
669205 718942
650306 895477
441576 325635
606451 1929
354017 268921
158137 712151
173022 748592
826307 251060
698363 682031
786803 732436
588106 719467
94330 610875
728248 956623
67949 47171
543719 83513
627859 432352
445569 900470
267755 944568
585750 503155
18312 768142
899405 699113
303828 736134
911286 222022
442690 683527
277573 299278
697828 749624
539524 987678
78851 543515
46946 195286
444089 298890
636368 369929
87740 473112
43053 762040
741912 285176
512876 907821
421284 298199
937842 365093
512824 710420
549186 746010
16396 666002
699026 96452
503972 790334
183226 679975
643554 717007
495278 134208
564971 543513
147464 819568
792678 634300
998593 404716
377898 702551
337164 401697
499539 631620
188460 437999
518753 544120
50029 635469
942671 458050
572066 50183
233608 767189
849841 846931
973795 295096
200558 761198
723771 862046
975624 605534
484005 1039
983485 661656
51706 507502
43078 960810
653464 17750
581817 779690
3046 409637
766453 395214
684150 896811
594578 866763
369967 652683
566740 607930
573152 324590
844867 920812
157267 71099
226006 784447
848320 730058
318186 695794
154931 371634
197884 578013
958550 44454
709267 908589
169551 735139
790676 631605
187755 948540
593178 847418
961888 410126
202233 102860
544577 991001
952308 610284
598974 373549
304710 319426
69165 290689
162900 257687
496536 478987
152490 388502
393823 145719
573112 750699
901176 638420
418029 311861
196129 764060
489182 663724
941595 490989
348043 916456
391091 503101
727054 310611
664304 700616
376440 700719
523213 459772
883934 103513
661647 494086
230564 517991
839794 988153
137538 675760
998575 302180
223771 871024
953599 738115
690365 543188
149507 398652
440067 475308
836005 106377
942169 852794
567761 245334
685467 664001
121004 570461
95851 73229
327377 846393
405929 153545
345946 236401
180329 318571
847 790702
253178 666575
806670 72639
408494 364979
566086 818563
617415 917515
162670 725399
379217 319237
672167 687445
239857 506318
792202 514945
879390 328877
35688 831171
968246 337068
167755 197463
945361 685467
88286 807940
824922 280716
199049 343919
402646 165819
250702 814803
819727 935007
573759 735088
318647 480299
369916 609678
358988 499696
615386 1067
675176 253057
923274 26747
676975 981443
73236 843913
95886 45946
567146 897014
447725 170297
561205 573672
648304 556030
487543 593053
622779 88509
70086 360893
580962 266006
796262 605454
584350 902398
92372 562853
353207 507550
908488 528191
903617 609335
419025 716035
468582 109466
436447 581109
350301 164412
594454 304031
432236 545734
638549 329974
312365 95179
348950 207878
618666 772918
874636 577986
453619 67844
67071 824950
958128 752099
835288 497387
262234 314647
495990 202856
128402 987382
536809 945778
124569 309637
449582 176427
373161 281215
203381 568986
696458 588881
222012 418706
159001 306148
194001 730786
638022 151182
788867 520961
630274 523343
74221 529525
228263 446634
644374 702087
224187 440048
781317 162660
982157 562937
299992 514386
868181 191431
586414 682460
155662 853138
52701 960539
897449 956546
218227 749584
942973 913521
620539 765698
202511 773913
80441 335992
245591 516669
638467 158977
145077 909078
968419 454593
124184 832224
809387 410231
465013 44685
70776 900308
431932 26717
713159 540838
742036 213028
327506 675647
671997 123814
890707 81332
972844 571682
408746 243667
821933 827667
840816 484065
477688 834755
676851 2142
724320 864566
993984 815686
659987 415456
499396 404991
655587 281892
560708 652071
108400 110075
191798 970505
853933 58402
390810 677456
152813 459166
685662 10628
112471 326172
625957 349841
264078 758604
742599 291527
25134 482062
979260 136389
621835 61378
163110 992921
110597 475346
933854 245330
765645 410374
976300 272092
833421 598210
16615 485046
491671 973090
38548 458263
491793 177090
573685 866314
60499 711115
817888 403964
47713 665368
151222 830313
341257 710384
395772 802276
238154 771743
667818 532848
732987 322627
878959 342279
724664 423607
54262 444341
576337 824106
481733 419785
614095 561082
931853 635487
296918 384628
512207 746405
414576 984878
202220 510090
706265 757998
376416 607223
378524 739945
129604 419429
727160 254507
500003 705823
228477 806911
610831 546612
307140 236664
759690 505155
461683 194618
848702 684735
437329 591366
615355 723688
785856 879565
571282 49243
3319 374793
638440 178539
751180 421891
272593 62779
660627 100777
543515 480722
312617 502559
689452 129856
49334 949044
147234 182414
881739 72680
874721 779094
440842 506638
902533 852096
408770 283474
778983 192327
344233 523992
785823 210648
173214 874135
210670 62750
690552 566562
351028 899969
255389 234932
408936 928381
960401 373545
706755 675416
111379 934128
234045 612452
23555 197181
21455 814316
280373 99877
156847 168965
518866 389241
916371 315057
16039 682033
811884 779479
318567 25779
767160 24724
552541 283832
867940 376305
993136 416826
502484 177970
790991 949712
365371 377648
221207 934673
961494 955806
423586 23078
471281 811809
773598 712524
252001 580203
900359 946591
811636 280444
41314 414721
837274 148880
187431 667619
153670 664962
74504 460404
271788 884390
965847 132757
232422 215478
752611 794395
604865 722577
776507 207878
942032 678387
15580 542244
476048 197702
629428 243967
945401 416424
51767 660797
837174 395042
764486 424003
995103 54207
960290 1311
53495 336448
576008 972484
903925 42604
683869 39048
859828 540364
195011 286697
155186 676875
942776 891453
277608 655008
860595 57634
600980 526359
491343 146434
134826 1913
5934 488493
560755 937636
265525 452909
273250 586733
934501 790006
903138 258376
893368 787733
875934 635222
68619 234348
370695 695757
599773 806248
602914 994478
15116 183191
490283 271124
752784 708126
384118 803083
111816 670502
900962 161706
170691 605850
785908 678423
693778 316967
826891 830551
837560 470081
841291 295512
49658 580470
724428 737409
859380 344311
113734 638838
926265 605839
840644 96204
333826 670648
550645 397225
483293 227107
534712 98767
303708 249209
374952 941450
800462 996842
734169 259925
117517 565538
861872 75307
395700 469620
824765 55574
330012 963613
352815 283062
725708 350507
605667 823279
741651 416420
269529 509699
309213 534467
680995 973993
297711 451758
208946 605088
938371 508897
804227 923872
346276 127818
422849 439193
425276 69015
243714 796753
188845 821276
116345 352655
468175 804635
195603 870713
948117 990033
35267 45559
515978 356896
634686 946222
524591 3407
755012 226933
959818 14798
764228 298782
816955 594493
931953 348485
586880 823936
402560 645501
440761 482583
533451 528340
994400 13620
227259 602949
895766 237923
723615 333972
580683 213593
786965 442711
504337 516794
649353 438296
805203 627880
586420 561414
471658 381761
844878 288843
641252 60785
352051 973622
103066 540152
352731 837155
532351 448906
793438 308812
554624 983211
945497 64034
707539 343029
790261 247779
490141 689038
24790 506003
410877 605074
954840 69148
671161 764351
872704 239297
456935 437797
947107 993281
816003 643264
935814 809950
536736 748742
751907 308716
29769 735690
732952 412003
867572 764986
367734 845376
729300 223638
795344 210596
105291 761488
1550 219149
265373 540595
771357 82678
919124 743415
916065 414016
379028 437344
457950 205301
266796 931591
533903 690779
219692 436978
57104 859932
201614 940259
267284 515543
899887 912543
397841 540947
993427 607642
812407 186433
464587 982658
213102 957455
451790 542313
324460 103653
712883 913604
815637 799818
602370 582193
972166 175846
525428 740816
678175 205706
286565 528010
860088 684789
223210 378364
490550 705273
829510 709364
202361 40839
11501 571914
240063 50981
653086 169080
933322 253137
747440 668835
741273 744867
598251 510291
648500 611412
110483 328533
827517 264493
764940 740777
883682 30363
752052 976750
108856 958560
877997 770342
260284 742915
154034 19487
799774 334138
544035 569558
952025 545260
735334 575365
624842 989697
276819 382003
260874 594457
211522 759661
221681 761591
837698 797143
829554 838448
334688 358920
777958 746389
262853 937325
163334 518698
918912 71946
862766 737396
930499 489840
685647 827301
491369 361162
542631 270971
158951 823863
510044 723188
999861 357706
908520 916696
120354 972061
475287 116242
754688 194346
82608 665178
305108 827990
760846 113411
186040 602156
622183 268275
378428 512919
576877 787569
57713 600103
992979 168708
33222 499509
5717 977681
493721 631080
445316 219557
362366 744828
61221 957964
546498 553602
193864 738819
348688 781459
427755 424059
63655 485283
275426 570213
302394 442996
142444 135853
294869 612393
839057 728622
463380 659028
692237 729434
21275 729183
908947 897054
529810 544729
611652 664753
986805 451356
852898 511725
574538 831474
687556 10936
64259 759959
887833 422840
667402 537447
304082 787781
898432 775143
958676 150879
534102 660963
293805 879827
734472 433647
238075 571677
751330 594322
900561 118477
761681 49533
311813 458290
303015 902230
104786 988035
581336 574603
838387 683659
803984 86439
614021 553081
341620 743103
101134 45251
335035 966970
279236 627484
673641 184732
407377 611402
627377 350391
561874 909452
809509 20620
731503 208745
284574 726860
947043 792368
166845 418893
347458 171135
836576 840211
875016 827750
243594 79555
451084 752682
683117 109132
846237 364546
882880 642881
933797 670992
402723 42549
844251 718064
839689 571139
536544 91425
478725 988581
116535 332187
109503 140401
586573 989185
225170 784003
654903 790130
663555 797353
399442 233256
583178 129936
425225 201847
76223 285429
214833 924684
502256 809500
510413 450295
27129 625267
227114 491445
821275 184491
851163 14115
813836 246381
870219 793083
920259 760648
195687 600890
820621 310131
21320 20574
926823 994896
202673 622997
354591 538473
198858 490299
930061 932954
380990 627160
382514 668623
147940 525776
479856 712029
695128 149184
480029 990713
429681 496760
631049 440816
217159 106914
739493 293661
760997 742537
929598 477840
163986 767371
473521 943889
887470 544744
31781 669203
22912 528048
298354 752195
714288 534733
97724 678086
239076 237775
584537 746003
268901 921518
706962 140915
115051 549096
321891 957364
823914 708535
806431 18852
155908 842007
161677 861516
169870 630935
120251 178349
82320 587968
770823 156444
594970 889866
525852 930774
129775 633469
661494 160843
602381 886152
132421 988652
53716 774036
343778 225986
775703 63039
185364 54865
468465 162406
990146 206487
489278 656113
464429 51192
762019 548704
797365 215545
352393 618257
543292 813850
849315 85801
884898 602220
375105 238470
134905 936241
453339 449652
878368 331421
848253 5607
759561 322917
436435 322240
292513 721725
841373 81574
141594 933771
943449 863874
450094 801796
39633 343227
65824 143797
763848 661923
951569 383091
364506 328225
906299 121281
371686 784693
644905 314698
452795 577287
677590 636061
560348 991969
635712 285587
604771 803802
252831 749560
453205 857896
124966 970179
254547 41445
342890 909565
941853 547169
764903 275102
364447 421456
937519 75277
280373 252152
783237 938120
400029 513435
172004 631928
647023 846357
341668 754669
703531 227010
1798 19327
974069 138860
466742 263078
150907 116443
642800 194961
241941 224531
419396 806476
951252 556224
466415 279824
735681 816598
554156 507559
327281 662929
926186 993951
469629 120905
559712 841769
601688 27086
136774 778645
100587 765310
469719 175154
906573 288542
926231 823701
170178 533037
985952 845051
331751 339770
538963 570448
443886 165406
465534 104910
832682 473802
679481 645242
447282 297181
389781 528997
629829 106947
255984 593053
39174 666921
254258 278375
148692 801181
7992 227114
6950 105040
597975 966469
773370 187065
183729 888100
221136 443892
324231 730697
816393 45270
570617 415128
844176 417058
556402 516055
143685 243296
476213 170888
452746 819101
19076 507202
835934 443652
707087 34510
703358 682410
338239 107532
116244 500773
199624 878307
347845 994361
713784 856842
528846 246173
719395 678340
988236 525862
133448 203660
14767 924790
964693 73758
949887 671477
669337 103934
97754 890239
485046 886191
47138 811631
426543 4710
867363 292622
56934 837981
817628 599055
397884 889583
826029 399817
546667 466861
9311 744425
819686 712135
953028 881610
834278 24683
718547 330306
620511 724206
530686 855773
72544 969132
598119 417808
208140 917798
376753 746177
411631 509883
980767 727011
149628 42553
131793 35230
332594 554429
596892 470041
265101 435145
161555 806436
901895 313881
804273 994784
278017 202642
451673 567579
584303 775312
893206 757577
442958 138744
595681 221021
732969 224743
82199 284823
506554 120010
607197 204815
513186 13695
277369 206331
947998 628596
823294 766836
810280 802225
532964 147260
692654 478673
608422 53841
622266 582697
420905 250924
395592 785616
916899 198341
544358 891036
194046 371312
951458 710233
26880 868414
215125 746041
710811 522014
102894 534694
919809 809055
12995 22341
578166 997357
891803 182500
846790 748368
867060 158890
865365 691909
226083 381743
596915 667923
777522 332416
42671 536102
18995 289064
862465 843784
528860 484050
507279 638585
199183 541146
882063 253208
122722 877369
172893 680005
386423 381217
235212 911765
657743 187424
119960 338294
181479 719994
260294 456553
739934 472805
230266 42099
828051 733612
72995 823463
19996 766635
62676 146895
470586 875535
573245 179888
122845 437385
965983 707373
353810 985097
146146 369017
59822 916725
570403 380081
88170 512231
985994 997819
195538 869138
350972 631881
539913 746108
102401 958062
978957 386825
914124 352646
995382 334839
103614 608170
942304 333471
22979 174711
996157 314027
794556 63468
921561 531721
147386 286956
645013 323906
475733 43326
58750 91763
501527 297993
242202 687927
584000 505949
908931 812202
114868 750781
827420 550108
977379 865031
893745 249447
471548 220094
574885 324096
733432 927220
418564 748112
648759 534634
17237 293816
804381 815313
201733 452503
686453 557147
758599 323752
252023 49343
752095 78002
128721 128790
677914 286306
71618 646168
474932 11252
291431 238083
620752 994352
806325 567926
586648 129293
831226 210119
231118 139022
252393 100681
874968 580365
617762 728324
884352 975906
560178 776820
354127 652863
744031 798916
648012 277293
947214 268227
33458 773992
748914 347276
819750 373701
56933 271995
342986 625939
771592 995859
869456 944911
720265 786417
241092 344916
409208 714796
547557 588834
507240 332215
666993 777240
507185 459270
512159 95980
991837 612437
794725 806637
975846 611782
74785 787972
95704 824205
495540 838238
997523 32821
567811 240431
225026 336439
522028 627303
665058 790038
396229 203741
169677 729938
190016 774469
175643 183854
52227 559630
894944 259650
753213 374374
193177 516585
243128 707136
423476 643718
240773 500790
887850 162460
811536 858464
978759 709835
259386 438943
463399 887554
311143 343392
441301 836697
149231 834487
690500 41484
942440 170320
954819 316791
927025 218618
79029 196832
49658 772678
212144 736504
649637 690150
842397 47600
533585 81370
549155 220513
188155 887857
733977 894613
344472 807063
479957 919619
915017 770210
168588 843626
685067 90555
717642 434702
475716 134682
781302 921010
675879 485127
42369 964169
641852 255044
721343 672222
13103 571681
602096 838256
223673 492665
530569 449883
584192 375647
361237 760785
158009 246571
414094 521136
96907 154041
448590 517412
181402 147097
74810 328041
524723 51745
98302 129191
948457 969222
54114 720153
574795 587950
726271 431189
61871 344242
697877 744976
444272 926922
439233 838169
243298 982207
449726 629901
846550 411618
934962 622794
793153 782594
162943 918279
661131 894370
319353 376564
562649 906981
517809 332670
589083 985759
839822 449641
892810 615023
432967 829900
880654 460973
914311 72982
362903 423809
567401 485399
542419 712340
121351 554641
734663 940740
623869 298410
428418 317412
8987 411842
178899 541343
185155 745000
273037 503882
679024 551423
727494 915967
241229 922413
32999 535764
107924 643426
906533 393122
398463 426151
871597 819717
76828 646140
675204 862230
1261 680269
740414 836014
400545 35599
120349 64881
41991 301737
792089 835605
868991 668511
837960 1178
786870 221290
792229 612879
944456 364846
570624 206606
503439 706086
289428 563118
794175 234762
463861 694834
539554 133550
549397 664357
680107 494283
254497 433208
274288 351153
162532 985203
76422 15127
810657 320182
137941 723486
793837 813404
140093 136299
705660 767752
981320 515815
759910 524319
321134 328546
927047 157002
563742 92427
989792 864135
966379 147488
397152 631124
824699 518427
454797 409568
744365 537239
713099 917857
905897 545219
336993 583980
598729 953522
401776 132055
598378 632804
46859 759215
723701 963798
29301 799129
3698 616092
697667 653173
747614 951625
704681 661411
718637 857774
797510 445004
909026 303456
873806 182027
779678 246944
729416 773002
514898 988306
812637 44639
936507 200463
55859 54688
381438 754195
897366 362465
563026 903177
805997 374213
275560 260001
554530 756294
659887 383479
682334 519164
598602 337337
775522 938705
954335 662249
558039 616979
683749 234284
217610 950543
61108 136128
726996 220628
114828 131293
207549 735696
32447 560107
115719 623846
416448 439306
414031 311550
395752 479842
69591 648156
314144 391101
561714 394992
954178 730642
385446 137047
518034 219113
322202 977662
208489 667962
978363 917113
644654 776441
436360 9169
247717 123338
942561 41608
459001 802503
197487 43281
351721 690029
794661 718799
92457 160747
656355 429640
350458 834254
372102 445641
272147 283075
296790 392346
992811 500756
200363 516743
883413 744105
474438 126779
192073 335515
139659 259230
379484 358128
611540 867331
35681 383820
775169 56036
651027 442576
996987 731260
873579 138448
324350 463324
973177 924073
53629 27648
632557 110636
800773 502133
558755 776595
103750 635512
743211 675535
795949 510039
63774 875994
988817 1379
711649 804277
518951 775503
114978 731126
381061 284200
419846 436330
