1000
945574 764992
299371 968135
571469 998093
163847 297310
899053 805154
751136 746155
62177 139064
530946 348425
859171 275215
957645 709555
635297 448419
638205 559555
225293 970571
388027 844538
569743 899965
256715 831325
213239 180086
220386 680440
590805 100999
835329 616050
277748 234690
140889 500641
885834 71771
226596 386423
157566 246602
457214 559450
865557 927389
524973 76493
143918 4050
494510 694879
844511 607187
374639 53314
857647 104523
621935 634458
201800 555418
312269 350500
161170 59009
543953 979711
127290 47148
324340 349007
828434 280339
682965 324659
758587 674501
819091 825850
249411 580660
578460 214662
370554 360985
639986 308013
755199 46240
232788 684176
291856 155378
580563 966716
115657 932207
244763 925434
391925 971711
99781 866257
383553 525497
389693 234835
306976 388177
582508 242035
537511 761200
28083 759755
55116 595326
541547 623943
310652 745650
355105 725756
328296 592696
615593 44168
182598 239033
39104 762626
542814 773067
81778 272553
759615 580925
239764 667416
680236 104832
871982 8016
670977 504127
345187 443619
57106 225484
758822 221120
669190 775277
22054 737851
424436 893045
460255 390749
837568 625186
334125 858890
216992 407268
900986 206942
680693 487462
751752 408637
347512 808768
764380 422286
401619 650939
848705 180550
672508 891728
770327 925880
854267 49556
362474 388323
143934 324678
822530 786710
500251 562782
80369 476064
705000 463822
282930 967417
196470 880314
706115 730955
188571 764720
151508 644748
793105 196711
460247 670327
833066 50657
856434 589609
331240 744784
672551 707367
543424 279805
692577 857489
95134 450968
35848 913072
693714 868357
685607 119106
896265 801583
507889 786876
93082 73069
804470 321497
744552 345791
71686 824271
718252 414200
996736 11384
496778 129229
694543 327048
953432 628626
479359 575454
162994 751693
862136 340184
372454 182949
81621 856357
298831 672955
6426 819194
548163 947696
207566 88519
314897 852651
994772 132706
980520 236263
161952 864513
594052 803393
602525 787239
997570 46026
166803 890543
23153 660639
552506 824680
402377 4102
384851 618740
917939 928543
272156 687633
714225 216510
661712 454286
348047 147891
992777 473824
83834 947040
500359 126991
553710 850436
195168 407960
350013 810915
989492 989822
486527 813307
692090 47924
249145 958378
21648 460950
503742 807886
830382 211890
489085 544615
157397 561258
898819 749409
394177 863966
255482 634975
918749 515852
260632 396752
795551 228140
731256 578238
127880 685942
619446 526255
50072 213840
378883 795696
146561 676613
959916 809104
852108 831096
60365 880146
517169 326303
959649 458712
788360 649298
551171 876386
557932 425432
746462 82703
358003 510762
642155 623631
923050 434499
58266 73499
3914 648796
817410 80277
2600 176008
436590 302209
801892 79671
446174 622756
307652 460005
988091 842400
803364 638900
533400 412735
662755 869544
807928 943508
281975 314438
336250 60735
110994 480312
374746 498066
295611 592895
572758 979249
926028 117684
99052 802577
42743 379594
524066 14759
21097 864894
735094 498793
465650 679260
63117 175569
346663 927545
550936 200290
432947 631370
530359 531174
576428 632593
992227 458703
619981 682670
420965 648909
495680 293992
72237 404568
898034 649076
48285 254929
26462 912576
874062 609719
641907 170172
704661 159102
750784 194324
360455 461279
870361 591735
353469 867177
126142 169035
152574 611745
544980 625191
555159 718638
326821 770517
60998 875306
670454 227637
155288 834959
790022 99765
930694 277462
62885 22042
243974 640465
97551 734187
796173 833168
782590 234458
33897 226864
781869 368799
433910 28138
264052 563568
597912 372480
9526 279422
146154 908621
117996 617596
857550 598571
865512 583232
13601 146862
429258 554602
820107 247605
138849 38652
913938 442631
128936 344407
824734 202188
92704 174412
319127 145615
680515 633871
476884 528362
691600 866694
256328 39137
886967 541958
25650 23286
153804 93646
845716 812570
99523 837027
169997 374844
498704 488150
512984 867994
488657 855988
667576 399533
967034 482567
315179 756036
323967 213448
663745 614992
806027 293296
815555 716523
402031 818713
358638 224849
932108 728337
596473 511461
859931 969461
486534 446094
410486 817631
808935 981058
617033 323142
94526 992965
524013 563831
123158 527875
598734 360657
276377 446391
442942 690231
66677 39899
713290 551546
842683 184311
152713 122953
14771 600208
276440 805944
389902 525724
348664 86077
32586 699088
208453 955757
868492 750139
464567 111261
359147 563869
864344 945996
544360 694097
866148 967502
570524 652398
800391 136938
198007 697765
511249 502028
362725 318003
128709 618755
512205 777092
55072 649921
454475 146952
366540 722479
861747 30870
461924 417925
325860 493824
848031 974645
137737 457018
674155 476991
380868 295881
833661 587691
814090 548739
784494 108457
650189 334441
426120 204151
195375 268722
459724 640372
335228 729413
281308 19933
672791 258354
71676 183327
335058 602572
889274 600415
859062 428944
105750 429231
395158 525816
892281 672848
673169 403251
937696 511874
670068 582560
505829 929518
802356 628148
996146 444650
301690 613587
613343 408348
481477 363042
661382 448742
80750 493091
516366 331094
198726 163712
990104 564098
381047 86305
639487 374021
762004 927509
501441 295942
334408 877032
712854 221928
141579 43405
811250 691119
648833 121547
85025 913593
642427 699178
859691 161455
563170 784775
855014 925213
253571 938033
841405 575394
178689 445273
454800 158129
471942 628277
718043 624541
811263 817516
162185 998099
504706 112185
369730 238333
67449 533091
778772 395609
516729 933989
25000 867906
63547 346862
368968 480208
508777 711968
598028 789351
578820 989808
523294 566540
487245 915895
957468 186873
962353 477167
82935 535765
817665 38642
952999 667989
297623 798662
642323 483263
41914 409531
233645 35743
669638 567023
432685 211993
983035 687066
506225 597031
376624 381663
381887 620615
661713 889950
902789 21461
581497 376293
244518 286450
404960 677856
552649 781780
207987 662424
701047 575591
540212 477195
287621 504781
852061 155101
236024 425936
237001 962158
648361 140639
101378 572911
422671 543668
383578 347610
5174 719062
933823 241183
964854 129650
867272 927955
658444 602162
800756 695499
477283 409459
265092 304862
241836 566863
591396 982010
520966 179243
745031 786801
615673 753733
921876 981757
853268 299323
928690 514613
708403 504487
95771 48077
200614 568419
572323 969891
440850 377017
642542 739354
116720 693628
186084 656722
950893 174636
556073 453785
650377 134751
130196 912385
825555 655353
227637 328503
614217 446282
301971 998906
942919 697324
595868 852298
219491 366361
259043 854872
828088 88235
220957 259347
721793 309221
511879 145744
135404 779223
831041 920798
508789 106121
762579 540898
983390 398046
385894 631679
753398 809496
67164 466951
389403 51567
856284 902543
354500 126033
255002 939453
977724 964193
726986 108432
392125 576604
451713 458807
467837 296809
697216 622122
735222 794445
220854 371334
188895 569803
174365 864315
757482 467749
664853 542675
11892 474152
935177 540329
340316 308750
807129 668278
642789 496141
763152 201017
471992 88660
715030 54481
177894 704131
961715 665052
788034 216249
117145 243776
187014 249896
389801 770384
340411 557639
718767 429090
360417 622400
69810 384587
731637 195795
25717 204485
932427 458499
477456 596975
504821 610487
249432 833469
677419 762871
338861 539785
341801 322915
785168 881121
263325 718629
132321 341393
188915 393972
830370 752553
143181 880370
520458 301427
903581 291039
941698 407764
967079 433057
623100 495820
394720 545487
716899 281706
704836 372961
381987 669257
516228 311499
331652 228464
283997 920992
265523 453132
165059 406560
361725 129699
568260 214106
215087 659046
134116 664965
177210 660066
928196 337081
43991 641032
275037 467871
208301 586107
489121 54790
465998 494132
437095 126956
551042 890146
380263 184218
552381 162580
465813 393426
706646 957018
954844 405805
694822 367800
268516 740100
729441 38982
2483 455324
86027 634543
583956 221562
696188 222983
433305 60317
320738 592951
629233 655782
203485 164449
777430 689250
966921 164967
239664 590411
550124 923093
114001 166884
860194 205429
465855 17853
367750 338760
720675 475951
434162 661373
847117 85513
725859 519102
817507 613094
615119 337438
741526 111046
156097 175948
268425 196114
681676 910990
160257 57197
616040 743495
998979 629950
18166 927440
527524 246755
144081 438996
190843 30359
875256 124427
667272 505425
844715 685412
21499 777192
92043 582953
103950 108841
887504 605529
831860 523199
230928 884190
457060 879723
403159 618331
125035 719683
729940 662642
307791 532111
516642 520967
726232 236908
486704 689453
420968 891874
269888 823419
766800 455036
754100 894118
616644 936136
855678 518049
894644 280439
349724 538483
903068 689020
409400 912454
258795 902623
959553 93847
706378 887056
586881 631631
367633 748566
750844 240141
162269 984841
294163 404225
878306 14140
600052 805582
471008 510034
229044 787667
739112 356403
988679 395842
259537 996446
344397 558321
877150 815861
23242 923714
743080 725015
949734 95277
800280 804444
95151 243398
233501 284656
930166 720211
65445 42759
412088 617955
202831 528440
480867 620814
554692 659297
4559 804145
677744 845322
830327 681516
895680 274638
839600 125761
214412 793576
657153 272829
165283 785255
358210 24760
83032 49336
292846 809392
222873 734435
93876 228891
577460 312128
346930 676840
634107 611866
26643 855173
557788 278989
91035 948921
166604 158850
980509 480525
432288 49760
794926 168819
265595 772663
681469 453978
790081 358343
220228 352416
750686 401459
59378 499328
806988 838223
646483 286297
214098 900200
998869 962763
364410 125256
129427 139551
246274 678462
22856 896884
544724 976704
172764 385996
666500 612553
326773 540743
796565 742736
632458 42222
394180 617235
172466 654890
599482 465084
466481 266892
460686 976454
897758 601123
899855 597262
893155 438039
932187 517822
701027 18531
938587 841747
627678 927614
190642 982194
919685 440583
345968 881739
129119 926361
103131 487549
737299 222435
540237 848593
209096 837093
98967 815470
126125 703299
533760 210744
928573 950780
69539 358887
360187 615608
224362 395925
440641 347356
307584 961319
618581 370905
129246 865708
324838 221961
410609 550748
39500 1772
305066 549852
2518 127385
187428 425304
82563 219799
890074 517708
22984 944735
127299 283351
210338 261493
302954 514871
366518 746928
917891 607104
709527 937200
637766 525508
423161 103363
831325 806822
938097 572522
205613 834286
975031 789192
536806 611663
406716 337372
491008 156513
335160 308879
43828 553685
881158 794743
14526 281117
777288 121302
31753 33058
126943 369400
723267 328296
528725 962399
779511 375396
8262 836143
566712 162152
892374 201449
273469 496242
400330 857948
858019 718349
514151 738324
842015 273078
777626 66199
869362 7811
418545 551620
842136 491815
400047 168392
864865 339710
197700 641334
506322 282620
734817 93109
435759 870456
658379 774830
47338 288977
124082 237729
569824 930136
306366 141078
513956 424282
736419 471241
360763 703833
279282 745748
692461 961835
525068 662691
643078 752463
726516 138466
556781 876977
256528 155244
124131 546271
178899 853636
384326 814193
670198 786439
777447 653820
150945 767477
675157 787374
483099 767198
359976 480320
74946 426495
438820 738013
263262 975269
920889 481346
678872 286376
246249 373989
161184 993217
80624 591468
89003 715337
683326 290669
110844 526727
676290 202073
263406 562262
488270 236412
390081 675923
93156 398597
843790 67480
706719 526188
364690 900533
231837 324630
151023 902839
656426 29831
831446 419183
596932 478846
843470 167771
357714 865598
622305 213733
435247 470412
707573 239321
356364 915007
35372 771517
200352 259514
156495 476658
542353 541567
217786 191471
875141 191889
275355 914388
650885 443853
841490 304594
845154 199680
670546 243996
621394 402467
284940 14804
82837 385706
955792 579077
885720 790790
62106 153209
376529 834189
439074 727507
958413 111045
424706 756945
217852 898212
462232 952538
410136 490005
904421 833155
747325 402657
888997 494803
419368 22827
58921 349365
850380 171107
437417 448543
618164 88801
838848 403396
94626 36158
909065 937863
874429 279441
802457 269141
704045 24832
880133 922664
986224 377172
870474 288942
176992 724239
88437 378885
2843 901986
435755 388958
472194 927378
575591 44025
32928 103769
420685 330839
910634 534933
624996 396416
951630 919634
309806 681185
71028 346160
674061 45533
376853 338413
275996 879675
992808 810414
672934 250657
648863 818593
265582 717419
942830 30623
812293 856489
318043 891306
311102 999011
850715 310960
149137 536864
822352 846607
399975 154901
272597 323220
422247 871498
619048 449106
943205 95144
404170 529867
267904 445737
24476 958141
260258 651226
231334 846436
121681 859572
411261 338009
524625 539604
380349 651990
323530 259717
213970 435401
299109 898734
609310 163499
331117 767341
402343 74003
130736 100799
168872 878547
490282 964084
695434 470366
672221 720000
452544 260446
511707 420267
810514 110458
450265 251198
455510 90854
659304 101768
467355 242963
710535 415830
565804 947193
668558 375782
701500 443184
734965 666487
122806 75648
581976 250786
279416 280560
649130 807157
995415 525269
14013 432246
653898 983137
15726 483072
155877 784643
839267 753203
949875 133921
444793 662265
855132 319867
935453 547632
928765 856923
42113 130355
541686 350993
406601 574515
743795 654787
764300 450721
108379 923873
662116 171851
569191 45244
652405 804186
400071 835296
833782 422387
862916 410242
475456 615441
170136 251521
275502 246612
105649 19461
531134 897896
834800 923821
309495 503623
347925 19003
222900 804291
441732 749343
957864 376737
792902 286417
561169 957311
242934 51591
129924 548292
943942 444815
920727 752624
141857 362055
623327 926825
554243 1680
227383 976167
70801 672989
341015 979911
729964 532085
