
arquivo: points-5.txt
caminho: 4, 5, 3, 1, 2
comprimento: 1822673.61497
tempo: 0.00 segundos
		
arquivo: points-10.txt
caminho: 6, 1, 7, 3, 4, 5, 2, 10, 8, 9
comprimento: 3272741.64621
tempo: 0.00 segundos
		
arquivo: points-20.txt
caminho: 3, 4, 12, 19, 8, 5, 13, 10, 2, 20, 9, 17, 1, 6, 15, 14, 16, 7, 18, 11
comprimento: 4242678.36671
tempo: 0.02 segundos
		
arquivo: points-50.txt
caminho: 42, 25, 8, 32, 19, 49, 17, 5, 31, 22, 23, 33, 7, 11, 6, 14, 15, 39, 10, 41, 44, 34, 50, 40, 46, 43, 3, 30, 4, 24, 12, 38, 35, 13, 45, 29, 2, 18, 37, 28, 16, 20, 21, 48, 1, 27, 26, 36, 9, 47
comprimento: 7424380.90854
tempo: 18.35 segundos
		
arquivo: points-100.txt
caminho: 8, 31, 39, 91, 59, 16, 99, 73, 15, 76, 21, 92, 22, 12, 66, 64, 44, 100, 35, 55, 19, 32, 50, 9, 57, 68, 48, 10, 11, 30, 72, 62, 14, 70, 88, 24, 45, 83, 97, 2, 71, 26, 84, 6, 28, 69, 5, 87, 23, 18, 90, 27, 61, 93, 95, 77, 53, 52, 54, 56, 89, 51, 85, 13, 20, 65, 33, 96, 82, 49, 94, 38, 67, 98, 47, 37, 3, 1, 25, 81, 74, 34, 36, 40, 75, 58, 60, 79, 29, 86, 17, 7, 42, 4, 63, 41, 43, 46, 80, 78
comprimento: 11288683.8991
tempo: 0.63 segundos
		
arquivo: points-200.txt
caminho: 78, 141, 199, 100, 33, 23, 190, 99, 108, 70, 156, 155, 90, 121, 22, 113, 20, 167, 43, 25, 109, 77, 34, 106, 112, 125, 119, 65, 30, 160, 60, 169, 49, 74, 164, 158, 101, 171, 12, 194, 64, 183, 114, 45, 81, 187, 151, 166, 182, 27, 8, 170, 84, 196, 39, 191, 13, 197, 26, 17, 55, 147, 111, 19, 76, 50, 178, 10, 9, 1, 29, 185, 135, 139, 61, 57, 165, 93, 174, 132, 137, 14, 172, 91, 173, 32, 3, 154, 52, 48, 200, 148, 115, 168, 126, 193, 51, 41, 95, 92, 73, 5, 89, 21, 152, 145, 138, 130, 117, 146, 128, 104, 58, 80, 120, 6, 192, 102, 129, 35, 40, 71, 63, 94, 46, 75, 96, 133, 150, 177, 79, 136, 87, 153, 38, 98, 134, 15, 176, 4, 56, 124, 31, 162, 62, 118, 54, 16, 53, 142, 163, 44, 72, 144, 36, 140, 131, 122, 175, 37, 88, 184, 189, 103, 86, 181, 67, 159, 24, 116, 47, 85, 69, 149, 195, 127, 161, 188, 97, 107, 82, 179, 68, 110, 198, 186, 7, 66, 28, 180, 105, 59, 123, 2, 143, 42, 11, 83, 18, 157
comprimento: 15214125.0149
tempo: 3.61 segundos
		
arquivo: points-500.txt
caminho: 109, 165, 203, 210, 276, 121, 489, 453, 435, 162, 202, 155, 232, 278, 250, 148, 406, 173, 13, 2, 226, 17, 422, 334, 298, 62, 432, 359, 316, 83, 158, 124, 404, 492, 398, 122, 487, 111, 214, 478, 229, 92, 254, 386, 161, 116, 268, 480, 402, 354, 231, 3, 237, 86, 315, 98, 247, 409, 460, 375, 411, 67, 259, 37, 246, 452, 47, 188, 378, 466, 479, 9, 35, 38, 377, 394, 311, 123, 401, 476, 171, 99, 120, 16, 397, 290, 179, 340, 73, 445, 261, 71, 270, 117, 180, 486, 156, 309, 255, 482, 66, 182, 125, 471, 393, 481, 410, 183, 483, 197, 55, 282, 441, 318, 87, 494, 470, 209, 27, 500, 439, 420, 96, 43, 344, 146, 200, 414, 212, 142, 244, 245, 144, 395, 11, 370, 23, 30, 147, 19, 499, 288, 75, 228, 363, 168, 258, 108, 468, 4, 368, 149, 350, 153, 216, 493, 72, 84, 227, 253, 465, 95, 59, 307, 353, 455, 454, 459, 373, 113, 331, 238, 157, 61, 18, 330, 303, 235, 472, 135, 174, 438, 208, 24, 381, 257, 433, 421, 118, 176, 427, 224, 48, 51, 175, 322, 418, 295, 107, 159, 434, 240, 374, 166, 297, 145, 127, 204, 437, 28, 225, 345, 241, 291, 305, 379, 266, 396, 242, 449, 443, 104, 389, 260, 362, 450, 251, 436, 419, 333, 317, 285, 14, 336, 267, 320, 369, 60, 131, 324, 332, 496, 201, 52, 230, 206, 405, 429, 275, 152, 54, 357, 42, 79, 388, 343, 431, 20, 299, 151, 172, 488, 412, 446, 137, 191, 385, 272, 497, 271, 139, 302, 348, 463, 184, 444, 440, 167, 5, 338, 474, 88, 384, 58, 457, 32, 29, 93, 423, 383, 134, 289, 308, 364, 337, 413, 68, 265, 40, 220, 186, 321, 456, 196, 110, 7, 256, 63, 356, 207, 339, 327, 473, 391, 64, 215, 106, 294, 65, 424, 190, 97, 325, 430, 138, 314, 475, 361, 426, 448, 281, 234, 160, 329, 313, 485, 119, 269, 382, 213, 392, 90, 105, 380, 469, 56, 102, 181, 8, 25, 286, 103, 425, 21, 89, 169, 264, 498, 46, 129, 170, 192, 128, 223, 301, 101, 243, 279, 491, 187, 22, 360, 219, 133, 376, 319, 31, 44, 140, 387, 100, 323, 351, 10, 451, 284, 293, 306, 417, 53, 347, 477, 328, 280, 34, 211, 132, 94, 239, 495, 198, 300, 263, 403, 39, 70, 233, 199, 390, 36, 195, 371, 177, 372, 222, 366, 112, 15, 287, 355, 400, 283, 310, 78, 136, 41, 82, 461, 447, 490, 130, 442, 114, 50, 81, 150, 342, 163, 217, 274, 205, 1, 292, 76, 248, 464, 296, 352, 458, 77, 74, 467, 189, 26, 221, 236, 45, 85, 80, 178, 367, 312, 428, 358, 69, 304, 484, 415, 6, 33, 91, 115, 49, 346, 365, 218, 193, 154, 335, 349, 407, 12, 462, 277, 399, 249, 273, 262, 57, 143, 408, 185, 326, 194, 141, 416, 252, 164, 341, 126
comprimento: 24882230.7074
tempo: 128.30 segundos
		
arquivo: points-1000.txt
caminho: 22, 911, 991, 35, 662, 462, 563, 586, 45, 452, 504, 172, 245, 334, 401, 764, 414, 825, 309, 806, 441, 613, 822, 266, 63, 317, 82, 444, 321, 198, 149, 561, 336, 577, 998, 466, 729, 620, 256, 823, 255, 74, 700, 50, 18, 557, 433, 787, 180, 184, 558, 108, 709, 559, 467, 516, 886, 331, 676, 107, 133, 811, 484, 958, 672, 647, 670, 985, 531, 922, 727, 758, 251, 807, 505, 144, 738, 404, 220, 681, 773, 138, 62, 70, 845, 612, 665, 217, 126, 728, 286, 136, 56, 923, 747, 920, 605, 653, 236, 118, 701, 888, 249, 187, 386, 970, 53, 159, 683, 307, 167, 439, 997, 13, 322, 720, 54, 617, 866, 696, 105, 540, 934, 148, 835, 265, 471, 723, 398, 821, 642, 55, 635, 626, 83, 618, 411, 890, 867, 712, 935, 909, 999, 224, 844, 833, 722, 908, 901, 929, 552, 851, 636, 391, 475, 736, 2, 104, 650, 817, 495, 840, 243, 381, 86, 141, 163, 91, 248, 931, 293, 417, 675, 318, 688, 479, 16, 627, 808, 183, 521, 865, 304, 298, 974, 862, 14, 174, 777, 915, 290, 790, 165, 813, 30, 625, 312, 863, 816, 986, 222, 110, 961, 352, 395, 226, 593, 231, 93, 489, 926, 549, 829, 431, 132, 529, 977, 663, 203, 426, 152, 708, 619, 661, 967, 498, 57, 319, 361, 918, 546, 740, 783, 442, 270, 26, 101, 171, 279, 646, 436, 983, 750, 622, 742, 827, 262, 214, 369, 524, 733, 357, 581, 67, 325, 194, 633, 533, 705, 522, 651, 175, 921, 154, 137, 897, 679, 113, 353, 66, 798, 338, 751, 640, 65, 799, 574, 536, 905, 828, 944, 58, 350, 422, 568, 785, 913, 566, 160, 129, 762, 394, 337, 324, 942, 514, 564, 590, 151, 872, 261, 686, 492, 755, 580, 932, 377, 281, 354, 857, 984, 673, 32, 211, 320, 698, 294, 739, 551, 299, 400, 135, 157, 555, 494, 277, 795, 51, 805, 600, 21, 979, 868, 842, 499, 875, 303, 288, 565, 340, 450, 570, 84, 464, 889, 232, 500, 711, 938, 941, 201, 345, 443, 761, 924, 893, 371, 735, 40, 534, 333, 591, 900, 47, 36, 210, 914, 451, 952, 510, 763, 927, 59, 643, 177, 98, 425, 78, 241, 814, 406, 213, 341, 204, 311, 919, 553, 562, 776, 820, 503, 478, 691, 473, 834, 287, 994, 769, 274, 537, 99, 748, 4, 978, 351, 846, 749, 481, 658, 430, 928, 438, 87, 734, 24, 538, 162, 744, 554, 703, 393, 607, 343, 847, 360, 815, 233, 525, 858, 887, 830, 218, 419, 955, 576, 168, 508, 957, 693, 373, 102, 491, 117, 212, 724, 732, 898, 405, 873, 792, 766, 264, 235, 72, 768, 283, 741, 254, 660, 313, 674, 461, 878, 980, 123, 614, 197, 892, 29, 272, 39, 383, 602, 37, 608, 420, 990, 140, 316, 284, 933, 950, 684, 599, 244, 699, 375, 583, 17, 849, 69, 520, 25, 793, 519, 657, 677, 745, 79, 182, 259, 527, 965, 743, 269, 200, 7, 861, 223, 356, 276, 588, 76, 782, 339, 97, 111, 415, 49, 781, 202, 940, 252, 348, 767, 199, 480, 831, 594, 33, 669, 128, 147, 906, 428, 644, 23, 609, 216, 917, 655, 637, 864, 142, 446, 960, 585, 468, 143, 412, 445, 88, 775, 850, 271, 170, 275, 854, 589, 388, 437, 839, 874, 94, 315, 330, 687, 109, 518, 178, 258, 641, 80, 513, 240, 707, 836, 899, 717, 882, 166, 515, 575, 193, 789, 497, 598, 120, 75, 943, 385, 19, 876, 68, 891, 972, 996, 219, 28, 486, 399, 483, 454, 569, 774, 225, 730, 606, 556, 46, 578, 60, 841, 930, 470, 440, 238, 971, 826, 250, 855, 725, 624, 843, 579, 382, 155, 526, 239, 803, 951, 682, 115, 541, 550, 380, 788, 188, 374, 8, 966, 678, 306, 597, 310, 263, 737, 48, 695, 671, 903, 355, 819, 824, 482, 547, 130, 770, 125, 648, 548, 573, 42, 349, 378, 895, 291, 363, 947, 523, 945, 127, 870, 948, 103, 936, 592, 797, 221, 89, 344, 689, 156, 372, 852, 11, 418, 512, 545, 838, 710, 474, 916, 435, 469, 939, 796, 207, 192, 429, 370, 856, 690, 260, 772, 124, 296, 988, 881, 41, 780, 9, 885, 458, 853, 910, 962, 134, 786, 880, 668, 632, 542, 253, 560, 987, 884, 189, 413, 292, 685, 158, 229, 368, 544, 992, 572, 488, 649, 543, 196, 721, 273, 715, 528, 818, 871, 506, 628, 969, 92, 90, 692, 402, 359, 976, 877, 837, 975, 784, 746, 282, 894, 176, 459, 364, 716, 509, 963, 615, 358, 713, 714, 752, 757, 604, 131, 859, 376, 954, 616, 631, 347, 487, 73, 367, 237, 242, 268, 112, 267, 346, 392, 31, 20, 85, 596, 472, 667, 611, 511, 206, 190, 810, 43, 584, 449, 706, 384, 297, 778, 234, 362, 634, 173, 300, 659, 10, 423, 517, 416, 476, 6, 654, 106, 396, 968, 949, 621, 278, 582, 387, 114, 937, 465, 603, 230, 34, 639, 228, 329, 246, 664, 801, 247, 327, 407, 779, 64, 760, 530, 424, 410, 308, 332, 623, 227, 925, 848, 181, 301, 179, 434, 501, 314, 1000, 595, 832, 460, 77, 610, 754, 507, 12, 421, 365, 448, 704, 295, 195, 680, 455, 502, 802, 791, 81, 532, 812, 809, 973, 953, 904, 666, 116, 119, 280, 208, 956, 800, 571, 753, 638, 601, 95, 427, 719, 3, 409, 453, 215, 463, 52, 946, 38, 702, 771, 139, 989, 366, 403, 587, 981, 567, 191, 804, 15, 794, 630, 995, 477, 150, 161, 726, 289, 169, 122, 335, 61, 71, 432, 389, 145, 645, 408, 146, 456, 490, 656, 257, 694, 186, 285, 756, 397, 44, 912, 907, 100, 539, 959, 323, 652, 5, 869, 964, 121, 765, 860, 993, 1, 759, 205, 902, 185, 718, 164, 697, 496, 457, 731, 896, 153, 879, 883, 96, 379, 629, 535, 485, 982, 390, 27, 447, 493, 326, 328, 302, 342, 209, 305
comprimento: 34972140.5493
tempo: 52.64 segundos
		
arquivo: points-2000.txt
caminho: 1838, 1426, 880, 1409, 589, 1239, 133, 405, 347, 1072, 858, 1828, 1044, 1076, 1420, 375, 116, 1013, 191, 317, 933, 1726, 781, 1094, 1833, 786, 1438, 1100, 28, 74, 1237, 1742, 279, 125, 815, 998, 1431, 1546, 1478, 535, 429, 534, 451, 1311, 379, 201, 751, 639, 59, 879, 1397, 433, 894, 124, 382, 717, 1041, 979, 761, 1619, 571, 969, 1770, 1261, 1568, 752, 686, 1710, 1230, 1184, 1595, 139, 1869, 267, 1201, 745, 1931, 460, 390, 418, 1291, 330, 690, 108, 1602, 1930, 78, 254, 1434, 1225, 1506, 789, 1273, 1805, 361, 200, 841, 1809, 1075, 853, 1443, 463, 959, 924, 1010, 504, 1827, 497, 1287, 993, 806, 700, 792, 1167, 1307, 1695, 165, 459, 1300, 1898, 1519, 342, 1973, 95, 88, 193, 363, 1164, 837, 1122, 1187, 1974, 198, 1747, 1248, 944, 1383, 1299, 1525, 533, 326, 1885, 1692, 987, 874, 56, 956, 186, 1034, 499, 602, 670, 112, 381, 906, 1755, 1791, 953, 767, 1308, 161, 573, 1609, 549, 1925, 1423, 1917, 1840, 1336, 1968, 1574, 992, 1773, 1507, 1495, 14, 1020, 1982, 697, 50, 440, 455, 1686, 502, 218, 1670, 1748, 20, 471, 1454, 1052, 1078, 802, 720, 250, 630, 548, 1126, 1542, 846, 1160, 341, 968, 1776, 1048, 915, 1191, 1812, 675, 621, 1814, 683, 974, 1919, 367, 951, 823, 1473, 878, 344, 1638, 734, 971, 990, 1978, 1928, 1293, 529, 1463, 1658, 1266, 357, 1067, 954, 1486, 1150, 1821, 1774, 1208, 115, 900, 1688, 100, 625, 420, 245, 1696, 1681, 43, 937, 1571, 1913, 24, 1797, 1258, 710, 1003, 1371, 213, 859, 613, 664, 1510, 1716, 1871, 1636, 1778, 825, 938, 475, 16, 1339, 678, 478, 103, 707, 1995, 949, 844, 1376, 747, 977, 1630, 989, 812, 522, 162, 605, 1276, 695, 157, 1337, 1592, 513, 1952, 1367, 1244, 147, 1560, 1877, 822, 1728, 855, 932, 348, 258, 1077, 1668, 1727, 889, 1981, 495, 1475, 665, 725, 1348, 377, 1178, 1131, 966, 598, 872, 1399, 1851, 635, 1769, 1606, 1147, 730, 1904, 21, 154, 1103, 1628, 624, 986, 1964, 1847, 743, 372, 1830, 1464, 1212, 838, 770, 1671, 1260, 450, 1036, 1358, 1104, 479, 288, 1637, 843, 782, 574, 1236, 1410, 1198, 1518, 1002, 1623, 498, 1783, 1977, 531, 927, 101, 1549, 945, 1368, 194, 941, 810, 1439, 87, 1477, 794, 1148, 1446, 1911, 1699, 183, 1601, 1270, 129, 1471, 1192, 1056, 1900, 1983, 315, 1196, 638, 1779, 1938, 138, 984, 1796, 1197, 631, 726, 1691, 881, 356, 1174, 136, 1513, 866, 739, 599, 1083, 1281, 1294, 1863, 256, 910, 1136, 833, 677, 1207, 214, 72, 652, 1179, 285, 231, 1657, 955, 1848, 1459, 1641, 1986, 263, 319, 1665, 297, 1935, 671, 586, 1777, 1466, 1788, 482, 520, 320, 1632, 1698, 290, 856, 908, 1868, 647, 926, 1133, 1058, 1817, 1929, 131, 1032, 1275, 55, 914, 299, 1697, 655, 572, 643, 636, 1503, 712, 648, 527, 1007, 1567, 1651, 29, 1803, 1290, 1227, 1255, 1539, 156, 489, 1882, 538, 1424, 1310, 1680, 1874, 1758, 1866, 1080, 449, 1502, 58, 94, 1334, 1381, 474, 1213, 1372, 1101, 324, 1586, 982, 877, 411, 537, 1099, 1018, 980, 1591, 674, 1831, 501, 134, 931, 1297, 1338, 930, 1832, 1384, 1569, 1284, 432, 590, 808, 443, 1633, 692, 550, 119, 216, 1855, 694, 742, 1259, 715, 1249, 1374, 1346, 713, 289, 546, 1730, 1006, 723, 1024, 1639, 909, 1090, 1509, 1953, 278, 62, 603, 210, 491, 1781, 1113, 132, 152, 619, 1705, 845, 127, 1916, 1009, 1951, 1666, 151, 1181, 972, 1139, 1303, 793, 1566, 544, 861, 1886, 749, 1895, 687, 1672, 1926, 439, 1664, 1134, 187, 120, 1897, 1278, 696, 110, 673, 591, 1764, 676, 1465, 1679, 17, 1957, 202, 1130, 814, 1649, 1149, 642, 159, 1185, 204, 775, 1872, 1229, 323, 764, 47, 140, 167, 1118, 423, 1655, 169, 654, 957, 223, 312, 1707, 1350, 1500, 1526, 1741, 1523, 1493, 35, 1129, 336, 1753, 672, 52, 1558, 1140, 11, 1627, 1037, 228, 912, 748, 1864, 1057, 370, 750, 691, 903, 481, 1314, 1316, 551, 1469, 273, 1887, 1112, 788, 1193, 799, 1224, 612, 259, 1391, 738, 1268, 1884, 1385, 1550, 1958, 891, 1842, 268, 394, 1087, 1622, 301, 978, 618, 1025, 1162, 1173, 1975, 769, 661, 1505, 373, 51, 473, 1390, 1061, 1732, 1318, 1480, 144, 220, 1228, 1548, 876, 1183, 1836, 552, 1, 1304, 1416, 1965, 255, 493, 1572, 239, 709, 1216, 515, 1650, 1684, 178, 437, 1203, 611, 1690, 1110, 388, 1528, 1795, 192, 1324, 413, 44, 719, 1789, 973, 566, 741, 1292, 1068, 1321, 729, 1215, 18, 1659, 1418, 1484, 1483, 190, 1763, 444, 314, 414, 1862, 1683, 614, 1924, 1818, 811, 773, 965, 9, 1759, 847, 1352, 857, 1170, 1516, 1347, 660, 608, 939, 391, 241, 1138, 1894, 1073, 1899, 1177, 1605, 1767, 339, 1107, 649, 335, 1583, 1766, 557, 296, 266, 1661, 1344, 149, 809, 415, 1180, 26, 777, 1752, 345, 800, 1071, 519, 1998, 1257, 963, 1040, 1386, 1254, 1497, 31, 1325, 1841, 818, 1876, 197, 1589, 897, 1176, 1472, 935, 637, 1256, 421, 851, 287, 1415, 1055, 304, 23, 1718, 911, 1019, 575, 1597, 1204, 698, 1186, 117, 1116, 1289, 155, 1702, 595, 1114, 1353, 1563, 332, 1534, 412, 1373, 1427, 1703, 269, 121, 366, 174, 1081, 33, 1614, 1128, 1751, 1750, 338, 1269, 711, 1927, 63, 539, 1407, 360, 873, 310, 1786, 331, 1985, 645, 199, 961, 1554, 783, 1552, 813, 422, 1593, 1322, 1881, 466, 1870, 1405, 280, 212, 1860, 1218, 1610, 862, 1328, 1154, 334, 215, 235, 835, 1654, 1014, 293, 38, 298, 378, 778, 48, 96, 1012, 1685, 1282, 80, 1939, 1380, 1005, 333, 831, 724, 1979, 1826, 76, 1286, 1547, 1780, 1396, 1793, 365, 1888, 1029, 588, 928, 1158, 1996, 1165, 6, 581, 1000, 1156, 1343, 1004, 195, 1739, 1963, 236, 205, 294, 113, 1642, 261, 1240, 274, 1970, 718, 1470, 1865, 849, 99, 328, 247, 996, 19, 779, 1800, 230, 1530, 832, 1993, 1648, 57, 556, 521, 600, 1082, 684, 1621, 189, 130, 1604, 431, 92, 1962, 109, 1580, 553, 1687, 1544, 985, 480, 1909, 329, 168, 1824, 1792, 1031, 1142, 1161, 1992, 511, 128, 1105, 981, 1811, 919, 207, 508, 1794, 1217, 1361, 623, 1956, 1535, 1153, 426, 702, 1111, 1744, 346, 1615, 461, 997, 325, 868, 163, 1782, 1849, 122, 1976, 1461, 559, 1053, 1715, 387, 438, 1944, 758, 442, 1363, 865, 1694, 922, 503, 272, 409, 892, 1878, 921, 524, 146, 1663, 1106, 1059, 1721, 1966, 1914, 1893, 787, 71, 1453, 1555, 188, 64, 1403, 1408, 10, 610, 1222, 896, 1288, 262, 765, 1102, 1629, 226, 89, 376, 282, 1189, 820, 1653, 1790, 1395, 248, 1596, 650, 570, 1414, 688, 141, 1854, 311, 1883, 693, 1238, 1355, 1768, 1340, 510, 185, 1157, 1533, 1060, 505, 587, 1120, 659, 703, 994, 1745, 77, 801, 975, 1644, 1565, 383, 1712, 1109, 1557, 264, 854, 791, 397, 1210, 1760, 736, 1401, 1515, 1030, 805, 1873, 1151, 754, 569, 403, 1144, 1856, 1272, 1706, 175, 1362, 123, 663, 327, 1382, 1521, 1474, 728, 4, 542, 1315, 1253, 594, 1971, 1412, 1772, 1559, 2, 1912, 875, 1323, 1302, 834, 706, 305, 1251, 1117, 458, 733, 1001, 1456, 1961, 27, 1737, 1579, 1137, 1413, 1028, 784, 84, 530, 1422, 13, 402, 1634, 142, 629, 135, 1088, 819, 708, 555, 1624, 219, 1121, 176, 362, 246, 1492, 1879, 1850, 829, 1234, 680, 271, 1784, 547, 681, 1600, 1801, 1387, 68, 1313, 1823, 1285, 436, 49, 1095, 53, 804, 1295, 54, 1069, 1476, 1645, 1264, 1990, 118, 1038, 1489, 760, 1735, 464, 153, 601, 446, 75, 1536, 1481, 1132, 1317, 1145, 490, 869, 352, 1326, 46, 1354, 1907, 1612, 1333, 3, 1720, 1587, 1660, 441, 1511, 1590, 1980, 477, 1920, 60, 899, 964, 1049, 281, 486, 1704, 1743, 1432, 1719, 871, 1675, 867, 275, 1950, 885, 1065, 1163, 1508, 1155, 211, 689, 1494, 1096, 1430, 1562, 1561, 913, 238, 1613, 90, 1954, 343, 615, 385, 1700, 392, 225, 667, 364, 257, 1487, 1740, 1092, 592, 472, 578, 39, 886, 1447, 1723, 633, 389, 1588, 81, 465, 1335, 704, 1799, 1901, 890, 1734, 227, 445, 1647, 740, 1724, 244, 1988, 1890, 632, 577, 1485, 234, 1520, 1608, 470, 757, 1946, 1932, 488, 1804, 583, 351, 1400, 1709, 923, 448, 398, 1896, 916, 434, 483, 1098, 1765, 106, 179, 669, 107, 1231, 22, 839, 1305, 901, 1875, 848, 37, 1378, 1448, 1074, 883, 1522, 1331, 15, 1359, 1232, 1021, 1714, 523, 1460, 1146, 962, 1573, 1756, 1496, 584, 42, 1045, 306, 150, 1054, 1693, 102, 1064, 1775, 1042, 111, 617, 1119, 1262, 797, 1246, 1332, 1853, 286, 1280, 91, 1319, 514, 180, 487, 1421, 1584, 313, 349, 1125, 1171, 826, 1050, 1543, 762, 1364, 2000, 1366, 658, 644, 1243, 221, 454, 1219, 1194, 1816, 1265, 902, 1785, 536, 40, 1556, 1611, 1247, 568, 1829, 34, 526, 173, 1852, 354, 1903, 203, 369, 1365, 1551, 284, 1467, 476, 1815, 1762, 540, 1093, 763, 1603, 1969, 1921, 946, 1252, 70, 371, 1452, 308, 137, 1646, 93, 1922, 270, 1729, 1635, 435, 1017, 656, 1223, 1091, 1169, 181, 1342, 1458, 1575, 1462, 1329, 518, 967, 1440, 182, 904, 500, 1360, 1892, 1309, 300, 580, 870, 616, 1279, 716, 1406, 1529, 895, 41, 416, 1062, 469, 1955, 1537, 384, 1482, 943, 1514, 1429, 1902, 554, 1435, 1598, 1839, 1070, 1905, 509, 232, 1570, 821, 653, 283, 1190, 222, 1033, 884, 430, 1553, 295, 1016, 1677, 936, 1640, 679, 929, 419, 1733, 417, 1394, 1444, 25, 1581, 1389, 233, 291, 772, 66, 148, 1084, 563, 1820, 484, 1301, 1757, 668, 737, 1949, 582, 114, 1504, 1143, 755, 242, 803, 543, 1182, 1398, 1889, 905, 934, 1674, 606, 494, 1843, 1532, 1392, 657, 1320, 265, 1810, 564, 252, 1379, 240, 237, 303, 1891, 759, 827, 785, 768, 1620, 960, 705, 467, 1708, 558, 565, 1141, 604, 1449, 576, 807, 321, 350, 1039, 626, 1835, 404, 456, 579, 1008, 887, 83, 1731, 1517, 958, 1662, 208, 907, 7, 940, 1576, 8, 1564, 1442, 374, 12, 942, 206, 1945, 1631, 380, 1172, 1242, 1108, 776, 662, 1211, 1761, 196, 1015, 634, 1819, 209, 184, 164, 1479, 830, 143, 1063, 302, 682, 560, 1538, 353, 166, 1209, 1341, 97, 277, 983, 1393, 585, 1404, 1283, 358, 1994, 1845, 685, 1271, 1468, 836, 73, 1676, 1168, 1643, 517, 1499, 976, 918, 1433, 893, 1195, 447, 1837, 593, 145, 1582, 69, 217, 714, 1749, 864, 104, 322, 1754, 359, 243, 620, 1858, 609, 732, 428, 828, 1910, 1370, 396, 1618, 309, 1027, 1934, 532, 1241, 1825, 1746, 646, 1667, 1152, 920, 1923, 1987, 1689, 952, 1419, 1846, 1377, 1450, 424, 780, 229, 1166, 1011, 1214, 160, 1915, 1867, 386, 452, 1327, 970, 1906, 1625, 1512, 1918, 744, 45, 1717, 36, 1455, 172, 1857, 457, 1722, 1531, 988, 840, 1943, 1673, 170, 627, 1051, 1023, 1035, 1235, 1124, 61, 337, 888, 727, 1997, 485, 1527, 1357, 1296, 1306, 1947, 316, 1220, 276, 1135, 1808, 506, 171, 816, 850, 1356, 1725, 596, 340, 1441, 666, 1115, 492, 1127, 79, 1312, 1711, 1349, 774, 795, 425, 1086, 1822, 65, 999, 82, 512, 1388, 1541, 766, 126, 516, 731, 1798, 746, 545, 1491, 1488, 651, 1585, 1047, 1402, 1026, 1669, 1445, 1861, 722, 1880, 1807, 1545, 30, 1607, 701, 607, 525, 1933, 1175, 427, 1250, 1524, 408, 224, 1999, 917, 597, 1437, 1834, 1097, 1451, 1457, 1678, 771, 395, 368, 1267, 860, 1274, 796, 401, 1991, 1813, 1616, 628, 1345, 1022, 1233, 925, 1498, 406, 790, 1908, 1599, 1079, 410, 1967, 98, 1245, 1701, 177, 995, 1298, 1199, 640, 1417, 641, 355, 528, 67, 1594, 824, 1936, 1369, 1948, 1428, 1436, 86, 1937, 1188, 1984, 721, 307, 1501, 622, 400, 1940, 852, 1490, 1411, 1043, 1277, 1206, 561, 1844, 882, 950, 1806, 1375, 1066, 699, 1682, 1652, 1959, 399, 318, 1221, 991, 1330, 898, 1089, 817, 1736, 1771, 567, 1942, 1738, 756, 842, 1787, 1713, 562, 1159, 948, 1617, 1540, 947, 253, 1425, 1200, 1046, 105, 85, 1205, 1226, 1960, 1941, 1989, 32, 1085, 453, 1577, 249, 1578, 407, 158, 1123, 1859, 251, 468, 393, 5, 292, 753, 863, 507, 1972, 1802, 1202, 1263, 798, 260, 735, 541, 462, 1626, 1656, 496, 1351
comprimento: 48927015.6339
tempo: 555.02 segundos
		